220 213 526 694 738 741 0 0 0 0 0 0 0 0 0 0
224 33 347 515 558 561 0 0 0 0 0 0 0 0 0 0
228 18 330 498 541 543 0 0 0 0 0 0 0 0 0 0
232 9 321 489 532 534 0 0 0 0 0 0 0 0 0 0
236 12 323 490 534 537 1 16 629.000000 457.888885 0 0 0 0 0 0
240 16 330 499 543 545 2 16 621.701416 421.958344 16 621.701416 421.958344 0 0 0
244 16 330 497 540 543 1 18 599.833313 388.358978 0 0 0 0 0 0
248 10 321 489 532 534 2 18 515.409729 343.312500 18 515.409729 343.312500 0 0 0
252 12 323 492 536 539 2 14 466.155548 335.933319 14 466.155548 335.933319 0 0 0
256 16 334 502 545 547 1 14 420.854156 336.895844 0 0 0 0 0 0
260 12 324 493 537 540 1 15 365.137268 337.411774 0 0 0 0 0 0
264 13 330 500 543 545 1 12 356.166656 322.166656 0 0 0 0 0 0
268 13 327 497 540 542 1 15 346.333344 314.128204 0 0 0 0 0 0
272 15 325 495 538 540 3 73 343.784302 317.686279 73 343.784302 317.686279 73 343.784302 317.686279
276 13 329 498 542 544 3 12 338.583344 294.666656 12 338.583344 294.666656 12 338.583344 294.666656
280 16 332 501 544 546 2 8 344.708344 321.375000 8 344.708344 321.375000 0 0 0
284 14 337 511 555 558 2 9 333.222229 285.518524 9 333.222229 285.518524 0 0 0
288 12 329 498 545 547 2 11 332.555542 283.814819 11 332.555542 283.814819 0 0 0
292 16 333 501 544 546 1 8 333.166656 285.166656 0 0 0 0 0 0
296 13 354 527 571 573 1 13 334.333344 285.133331 0 0 0 0 0 0
300 17 327 494 538 540 1 5 334.555542 285.222229 0 0 0 0 0 0
304 16 326 494 537 540 1 5 334.555542 285.222229 0 0 0 0 0 0
308 10 324 493 536 538 1 4 334.500000 285.500000 0 0 0 0 0 0
312 12 329 501 546 548 1 3 334.333344 285.333344 0 0 0 0 0 0
