250 208 520 689 733 735 0 0 0 0 0 0 0 0 0 0
254 29 349 519 563 565 0 0 0 0 0 0 0 0 0 0
258 13 333 501 545 547 1 4 416.500000 99.000000 0 0 0 0 0 0
262 17 336 504 546 549 1 4 416.500000 99.000000 0 0 0 0 0 0
266 15 326 497 542 544 0 0 0 0 0 0 0 0 0 0
270 13 326 494 537 539 0 0 0 0 0 0 0 0 0 0
274 13 325 495 539 541 0 0 0 0 0 0 0 0 0 0
278 15 329 497 548 551 1 7 157.333328 133.333328 0 0 0 0 0 0
282 14 331 500 543 546 1 4 158.500000 132.000000 0 0 0 0 0 0
286 11 324 492 535 537 0 0 0 0 0 0 0 0 0 0
290 15 327 493 537 540 0 0 0 0 0 0 0 0 0 0
294 13 328 492 534 537 0 0 0 0 0 0 0 0 0 0
298 17 325 492 535 537 0 0 0 0 0 0 0 0 0 0
302 19 325 490 532 534 0 0 0 0 0 0 0 0 0 0
306 11 319 487 531 533 0 0 0 0 0 0 0 0 0 0
310 13 322 490 533 535 0 0 0 0 0 0 0 0 0 0
314 15 328 497 541 544 0 0 0 0 0 0 0 0 0 0
318 13 328 497 540 542 0 0 0 0 0 0 0 0 0 0
322 13 323 490 533 535 1 3 412.333344 107.666664 0 0 0 0 0 0
326 13 325 493 536 538 1 7 513.466675 165.266663 0 0 0 0 0 0
330 12 323 491 535 538 1 8 513.500000 165.500000 0 0 0 0 0 0
334 12 326 494 537 539 1 8 513.666687 166.000000 0 0 0 0 0 0
338 15 325 491 534 536 1 10 514.900024 165.199997 0 0 0 0 0 0
342 13 322 490 533 535 1 12 515.222229 165.500000 0 0 0 0 0 0
