485 208 518 693 737 740 0 0 0 0 0 0 0 0 0 0
489 32 372 554 603 606 1 3 398.666656 88.333336 0 0 0 0 0 0
493 16 357 534 581 584 2 7 398.777771 88.222221 7 398.777771 88.222221 0 0 0
497 11 344 515 565 567 1 5 398.777771 88.222221 0 0 0 0 0 0
501 13 330 503 548 550 0 0 0 0 0 0 0 0 0 0
505 15 336 507 553 555 1 3 431.666656 104.666664 0 0 0 0 0 0
509 13 332 500 544 547 0 0 0 0 0 0 0 0 0 0
513 14 328 495 540 542 0 0 0 0 0 0 0 0 0 0
517 12 324 495 540 543 1 10 533.000000 457.375000 0 0 0 0 0 0
521 14 331 502 546 548 1 12 469.833344 297.555542 0 0 0 0 0 0
525 12 327 529 580 584 1 9 429.851837 248.925919 0 0 0 0 0 0
529 15 330 501 546 548 1 7 397.370361 224.074081 0 0 0 0 0 0
533 11 326 500 544 547 1 4 353.500000 218.500000 0 0 0 0 0 0
537 13 330 501 544 547 1 5 339.777771 226.444443 0 0 0 0 0 0
541 16 356 529 573 576 0 0 0 0 0 0 0 0 0 0
545 13 339 517 565 567 0 0 0 0 0 0 0 0 0 0
549 17 405 584 632 634 0 0 0 0 0 0 0 0 0 0
553 14 347 531 576 578 0 0 0 0 0 0 0 0 0 0
557 14 335 506 552 554 0 0 0 0 0 0 0 0 0 0
561 20 349 523 570 573 0 0 0 0 0 0 0 0 0 0
565 15 349 521 570 572 2 4 419.000000 97.500000 4 419.000000 97.500000 0 0 0
569 13 333 500 543 546 1 4 419.000000 97.500000 0 0 0 0 0 0
573 11 323 494 537 539 1 4 419.000000 97.500000 0 0 0 0 0 0
577 15 327 495 539 542 0 0 0 0 0 0 0 0 0 0
581 12 322 489 532 535 0 0 0 0 0 0 0 0 0 0
585 12 322 493 536 538 0 0 0 0 0 0 0 0 0 0
