390 209 523 723 767 770 0 0 0 0 0 0 0 0 0 0
394 40 356 539 583 586 0 0 0 0 0 0 0 0 0 0
398 16 333 500 543 546 0 0 0 0 0 0 0 0 0 0
402 10 317 484 527 530 0 0 0 0 0 0 0 0 0 0
406 13 330 500 543 545 0 0 0 0 0 0 0 0 0 0
410 17 331 517 562 564 1 9 625.074097 466.370361 0 0 0 0 0 0
414 12 330 500 543 546 1 7 614.696960 436.696960 0 0 0 0 0 0
418 14 324 488 531 534 1 12 553.000000 389.500000 0 0 0 0 0 0
422 13 327 499 543 546 1 9 507.259247 377.814819 0 0 0 0 0 0
426 16 336 514 557 560 1 9 460.666656 372.818176 0 0 0 0 0 0
430 13 327 496 541 544 1 9 419.606049 373.060608 0 0 0 0 0 0
434 18 354 526 570 573 2 11 395.629639 355.074066 11 395.629639 355.074066 0 0 0
438 10 328 501 544 547 1 8 389.000000 349.733337 0 0 0 0 0 0
442 12 323 492 537 540 1 7 381.370361 350.074066 0 0 0 0 0 0
446 16 330 498 541 544 1 6 370.000000 342.500000 0 0 0 0 0 0
450 17 334 506 550 552 1 12 369.000000 340.250000 0 0 0 0 0 0
454 17 337 506 550 552 1 9 368.424255 339.424255 0 0 0 0 0 0
458 13 328 496 540 542 1 5 367.777771 337.888885 0 0 0 0 0 0
462 12 325 497 541 544 1 5 367.333344 338.333344 0 0 0 0 0 0
466 13 330 497 540 543 1 5 367.333344 338.333344 0 0 0 0 0 0
470 15 328 495 538 541 1 5 367.333344 338.333344 0 0 0 0 0 0
474 12 321 489 532 535 0 0 0 0 0 0 0 0 0 0
478 10 323 494 539 541 0 0 0 0 0 0 0 0 0 0
