475 214 529 702 747 749 0 0 0 0 0 0 0 0 0 0
479 32 366 530 573 575 0 0 0 0 0 0 0 0 0 0
483 17 329 498 542 545 0 0 0 0 0 0 0 0 0 0
487 13 325 493 538 540 1 4 592.500000 477.500000 0 0 0 0 0 0
491 13 327 495 538 540 2 16 576.000000 339.333344 16 576.000000 339.333344 0 0 0
495 14 327 493 537 539 1 16 541.000000 287.371796 0 0 0 0 0 0
499 13 327 494 537 540 1 15 502.377777 258.155548 0 0 0 0 0 0
503 12 325 492 537 539 1 8 437.083344 249.125000 0 0 0 0 0 0
507 17 333 500 543 546 1 3 412.333344 260.333344 0 0 0 0 0 0
511 13 324 492 538 540 1 5 392.777771 274.555542 0 0 0 0 0 0
515 11 323 491 534 537 0 0 0 0 0 0 0 0 0 0
519 17 344 517 560 563 0 0 0 0 0 0 0 0 0 0
523 13 322 491 536 538 0 0 0 0 0 0 0 0 0 0
527 14 335 508 552 555 1 3 360.333344 259.666656 0 0 0 0 0 0
531 17 336 506 550 552 0 0 0 0 0 0 0 0 0 0
535 11 329 498 543 545 0 0 0 0 0 0 0 0 0 0
539 14 337 508 552 554 3 9 157.666672 132.666672 9 157.666672 132.666672 9 157.666672 132.666672
543 17 349 517 560 562 1 9 157.666672 132.666672 0 0 0 0 0 0
547 12 325 490 533 536 0 0 0 0 0 0 0 0 0 0
551 14 328 495 539 541 0 0 0 0 0 0 0 0 0 0
555 14 328 503 548 550 0 0 0 0 0 0 0 0 0 0
559 13 335 505 549 552 0 0 0 0 0 0 0 0 0 0
