1005 234 545 714 757 760 0 0 0 0 0 0 0 0 0 0
1009 32 346 515 564 566 0 0 0 0 0 0 0 0 0 0
1013 14 331 500 546 548 0 0 0 0 0 0 0 0 0 0
1017 13 321 487 530 532 0 0 0 0 0 0 0 0 0 0
1021 16 333 502 547 549 0 0 0 0 0 0 0 0 0 0
1025 14 333 503 548 550 0 0 0 0 0 0 0 0 0 0
1029 12 332 501 544 547 0 0 0 0 0 0 0 0 0 0
1033 17 333 504 551 554 0 0 0 0 0 0 0 0 0 0
1037 13 331 528 583 586 0 0 0 0 0 0 0 0 0 0
1041 17 350 529 577 580 0 0 0 0 0 0 0 0 0 0
1045 18 335 507 551 554 0 0 0 0 0 0 0 0 0 0
1049 18 350 523 568 570 0 0 0 0 0 0 0 0 0 0
1053 14 333 499 543 546 0 0 0 0 0 0 0 0 0 0
1057 17 334 507 552 555 0 0 0 0 0 0 0 0 0 0
1061 13 336 512 561 563 0 0 0 0 0 0 0 0 0 0
1065 12 351 527 580 583 0 0 0 0 0 0 0 0 0 0
1069 17 344 516 563 566 0 0 0 0 0 0 0 0 0 0
1073 13 326 495 542 544 0 0 0 0 0 0 0 0 0 0
1077 15 331 501 544 547 0 0 0 0 0 0 0 0 0 0
1081 16 330 500 543 546 0 0 0 0 0 0 0 0 0 0
1085 12 327 499 543 546 0 0 0 0 0 0 0 0 0 0
1089 12 325 495 538 541 0 0 0 0 0 0 0 0 0 0
1093 16 332 502 547 550 0 0 0 0 0 0 0 0 0 0
1097 13 328 500 543 546 0 0 0 0 0 0 0 0 0 0
1101 13 326 494 538 541 0 0 0 0 0 0 0 0 0 0
1105 14 328 499 547 550 0 0 0 0 0 0 0 0 0 0
1109 13 331 498 541 544 1 8 610.833313 387.916656 0 0 0 0 0 0
1113 13 328 499 543 545 2 6 589.000000 403.500000 6 589.000000 403.500000 0 0 0
1117 16 330 500 544 546 2 9 563.487183 419.743591 9 563.487183 419.743591 0 0 0
1121 14 331 499 543 547 2 12 544.266663 423.600006 12 544.266663 423.600006 0 0 0
1125 10 323 492 536 538 1 14 541.750000 418.750000 0 0 0 0 0 0
1129 18 335 505 549 552 1 11 528.256409 413.820526 0 0 0 0 0 0
1133 13 330 499 542 545 1 11 502.784302 415.372559 0 0 0 0 0 0
1137 12 327 495 539 541 1 9 502.577789 415.422211 0 0 0 0 0 0
1141 14 329 498 544 547 1 13 484.228058 417.877197 0 0 0 0 0 0
1145 14 330 499 543 546 1 15 437.087708 427.789459 0 0 0 0 0 0
1149 14 327 496 541 543 2 17 379.666656 440.426666 17 379.666656 440.426666 0 0 0
1153 17 330 499 543 546 1 13 379.696960 440.151520 0 0 0 0 0 0
1157 13 324 489 532 534 2 11 325.111115 452.044434 11 325.111115 452.044434 0 0 0
1161 12 325 495 539 542 3 18 281.883331 460.783325 18 281.883331 460.783325 18 281.883331 460.783325
1165 16 334 502 546 548 3 19 281.871796 460.794861 19 281.871796 460.794861 19 281.871796 460.794861
1169 21 334 503 547 550 5 11 222.955551 449.711121 11 222.955551 449.711121 11 222.955551 449.711121 11 222.955551 449.711121 11 222.955551 449.711121
1173 13 325 494 537 540 2 13 197.456146 448.912292 13 197.456146 448.912292 0 0 0
1177 17 331 500 544 547 2 9 149.666672 448.666656 9 149.666672 448.666656 0 0 0
1181 11 325 495 539 541 1 9 132.128204 420.051270 0 0 0 0 0 0
1185 13 327 495 539 541 1 10 115.500000 414.000000 0 0 0 0 0 0
1189 17 329 499 542 544 1 8 90.733330 405.000000 0 0 0 0 0 0
1193 18 347 519 563 565 1 8 71.625000 395.291656 0 0 0 0 0 0
1197 19 336 505 549 552 1 8 71.625000 395.291656 0 0 0 0 0 0
1201 14 336 521 566 568 2 5 58.777779 389.555542 5 58.777779 389.555542 0 0 0
1205 15 374 580 630 633 2 7 48.904762 385.095245 7 48.904762 385.095245 0 0 0
1209 13 350 535 579 581 1 6 48.777779 385.000000 0 0 0 0 0 0
1213 16 333 501 544 547 2 7 42.095238 383.904755 7 42.095238 383.904755 0 0 0
1217 11 322 490 534 536 1 6 39.000000 385.500000 0 0 0 0 0 0
1221 13 328 495 538 540 1 5 39.222221 385.555542 0 0 0 0 0 0
1225 16 329 496 539 542 1 10 35.366665 384.066681 0 0 0 0 0 0
1229 12 323 489 532 535 1 8 34.733334 384.000000 0 0 0 0 0 0
1233 12 324 493 537 540 1 6 33.000000 382.500000 0 0 0 0 0 0
1237 15 329 497 540 543 1 8 33.000000 382.500000 0 0 0 0 0 0
1241 13 326 493 537 539 1 6 33.000000 382.000000 0 0 0 0 0 0
1245 13 324 492 535 538 1 4 33.000000 382.333344 0 0 0 0 0 0
1249 16 328 498 543 545 1 3 32.333332 381.666656 0 0 0 0 0 0
1253 15 327 496 541 543 0 0 0 0 0 0 0 0 0 0
1257 11 326 496 540 543 0 0 0 0 0 0 0 0 0 0
1261 17 334 502 546 548 0 0 0 0 0 0 0 0 0 0
1265 18 333 502 546 548 0 0 0 0 0 0 0 0 0 0
