850 228 546 717 762 765 0 0 0 0 0 0 0 0 0 0
854 33 350 519 562 565 0 0 0 0 0 0 0 0 0 0
858 16 331 505 549 551 0 0 0 0 0 0 0 0 0 0
862 12 337 510 554 556 0 0 0 0 0 0 0 0 0 0
866 17 336 505 559 561 0 0 0 0 0 0 0 0 0 0
870 13 330 500 551 554 0 0 0 0 0 0 0 0 0 0
874 19 344 516 563 565 0 0 0 0 0 0 0 0 0 0
878 13 335 507 551 553 1 14 616.428589 343.857147 0 0 0 0 0 0
882 13 330 500 543 546 1 12 616.166687 344.166656 0 0 0 0 0 0
886 13 326 497 542 544 1 11 569.711121 369.955566 0 0 0 0 0 0
890 16 350 523 568 571 1 10 541.000000 385.066681 0 0 0 0 0 0
894 13 337 549 596 598 1 15 481.740753 411.259247 0 0 0 0 0 0
898 14 341 514 560 563 1 7 481.733337 410.533325 0 0 0 0 0 0
902 17 330 498 544 547 2 10 466.583344 402.666656 10 466.583344 402.666656 0 0 0
906 21 336 504 547 550 2 12 444.666656 398.714294 12 444.666656 398.714294 0 0 0
910 13 323 491 535 537 1 7 445.074066 398.370361 0 0 0 0 0 0
914 15 324 492 535 538 2 8 403.000000 402.000000 8 403.000000 402.000000 0 0 0
918 12 322 492 535 538 2 8 403.266663 402.000000 8 403.266663 402.000000 0 0 0
922 14 362 538 586 589 4 9 374.606049 406.060608 9 374.606049 406.060608 9 374.606049 406.060608 9 374.606049 406.060608
926 17 337 518 568 570 2 11 366.410248 402.512817 11 366.410248 402.512817 0 0 0
930 14 334 507 551 554 2 12 347.500000 397.717957 12 347.500000 397.717957 0 0 0
934 11 333 504 548 551 1 11 347.488892 398.377777 0 0 0 0 0 0
938 16 331 500 544 547 2 9 328.422211 399.422211 9 328.422211 399.422211 0 0 0
942 13 336 509 576 579 2 10 317.500000 396.500000 10 317.500000 396.500000 0 0 0
946 15 346 524 573 576 1 8 317.416656 396.666656 0 0 0 0 0 0
950 19 374 545 590 593 2 10 310.500000 395.133331 10 310.500000 395.133331 0 0 0
954 11 330 499 542 545 3 10 305.399994 395.799988 10 305.399994 395.799988 10 305.399994 395.799988
958 13 328 497 542 545 1 7 305.370361 395.925934 0 0 0 0 0 0
962 16 337 507 550 552 1 8 304.916656 395.875000 0 0 0 0 0 0
966 13 325 498 543 545 1 10 305.833344 395.642853 0 0 0 0 0 0
970 10 323 491 534 537 1 10 305.966675 395.933319 0 0 0 0 0 0
974 18 331 501 545 547 1 10 306.000000 396.500000 0 0 0 0 0 0
978 12 327 496 541 543 1 8 306.000000 396.500000 0 0 0 0 0 0
982 13 329 497 540 543 1 8 306.000000 396.500000 0 0 0 0 0 0
986 16 331 498 543 545 1 3 306.666656 396.666656 0 0 0 0 0 0
990 10 327 495 540 542 1 3 306.666656 396.666656 0 0 0 0 0 0
