420 211 523 695 739 741 0 0 0 0 0 0 0 0 0 0
424 32 344 511 554 556 0 0 0 0 0 0 0 0 0 0
428 12 325 494 539 541 0 0 0 0 0 0 0 0 0 0
432 13 327 496 538 541 0 0 0 0 0 0 0 0 0 0
436 16 325 490 534 537 0 0 0 0 0 0 0 0 0 0
440 10 317 481 524 526 0 0 0 0 0 0 0 0 0 0
444 12 318 483 525 527 1 15 599.487183 443.743591 0 0 0 0 0 0
448 15 326 492 535 538 1 15 589.289856 368.072449 0 0 0 0 0 0
452 13 333 500 545 547 1 13 514.127014 245.301590 0 0 0 0 0 0
456 15 332 502 545 547 1 6 471.000000 216.500000 0 0 0 0 0 0
460 9 321 488 531 533 1 7 434.095245 206.095245 0 0 0 0 0 0
464 12 325 495 539 541 1 5 382.222229 217.555557 0 0 0 0 0 0
468 13 322 488 532 534 0 0 0 0 0 0 0 0 0 0
472 16 327 500 544 546 0 0 0 0 0 0 0 0 0 0
476 10 320 486 529 531 0 0 0 0 0 0 0 0 0 0
480 13 381 556 600 603 1 4 344.500000 228.500000 0 0 0 0 0 0
484 15 331 502 548 550 0 0 0 0 0 0 0 0 0 0
488 13 330 495 538 541 2 5 338.444458 232.777771 5 338.444458 232.777771 0 0 0
492 12 329 498 541 544 2 4 341.333344 233.000000 4 341.333344 233.000000 0 0 0
496 13 323 490 533 535 2 4 338.500000 232.500000 4 338.500000 232.500000 0 0 0
500 12 323 492 536 540 0 0 0 0 0 0 0 0 0 0
504 12 326 493 536 539 0 0 0 0 0 0 0 0 0 0
508 15 327 501 546 548 0 0 0 0 0 0 0 0 0 0
512 13 331 503 548 550 0 0 0 0 0 0 0 0 0 0
516 11 329 523 567 570 0 0 0 0 0 0 0 0 0 0
520 15 341 532 585 587 0 0 0 0 0 0 0 0 0 0
