540 234 549 727 771 773 0 0 0 0 0 0 0 0 0 0
544 36 354 523 568 571 0 0 0 0 0 0 0 0 0 0
548 14 336 504 547 550 0 0 0 0 0 0 0 0 0 0
552 15 332 502 546 549 0 0 0 0 0 0 0 0 0 0
556 16 334 505 549 552 0 0 0 0 0 0 0 0 0 0
560 13 331 501 544 547 0 0 0 0 0 0 0 0 0 0
564 14 333 505 550 553 0 0 0 0 0 0 0 0 0 0
568 17 372 548 602 605 0 0 0 0 0 0 0 0 0 0
572 12 333 506 553 556 0 0 0 0 0 0 0 0 0 0
576 28 353 527 570 573 0 0 0 0 0 0 0 0 0 0
580 17 333 503 547 550 0 0 0 0 0 0 0 0 0 0
584 13 366 555 622 624 1 9 629.743591 345.333344 0 0 0 0 0 0
588 22 388 569 613 616 1 12 595.000000 364.777771 0 0 0 0 0 0
592 14 348 545 593 595 1 9 594.866638 364.333344 0 0 0 0 0 0
596 15 369 540 583 586 2 15 548.222229 387.755554 15 548.222229 387.755554 0 0 0
600 14 353 524 568 571 1 15 540.696960 384.303040 0 0 0 0 0 0
604 17 335 504 546 549 2 11 524.177795 380.511108 11 524.177795 380.511108 0 0 0
608 14 335 504 547 549 1 9 499.629639 381.925934 0 0 0 0 0 0
612 10 336 509 553 556 1 7 499.523804 381.761902 0 0 0 0 0 0
616 16 339 507 550 553 2 12 485.200012 383.700012 12 485.200012 383.700012 0 0 0
620 13 335 506 549 551 2 23 454.725494 389.156860 23 454.725494 389.156860 0 0 0
624 13 337 510 555 557 3 8 433.000000 385.000000 8 433.000000 385.000000 8 433.000000 385.000000
628 14 337 510 556 558 1 8 433.000000 385.000000 0 0 0 0 0 0
632 15 333 513 556 559 2 10 407.416656 385.333344 10 407.416656 385.333344 0 0 0
636 15 334 502 545 547 3 11 394.128204 386.282043 11 394.128204 386.282043 11 394.128204 386.282043
640 15 332 502 546 549 1 9 372.629639 385.074066 0 0 0 0 0 0
644 13 337 505 548 550 1 7 361.095245 385.904755 0 0 0 0 0 0
648 15 334 520 592 595 2 13 343.955566 382.644440 13 343.955566 382.644440 0 0 0
652 17 362 544 589 592 1 9 343.629639 382.925934 0 0 0 0 0 0
656 15 349 522 566 569 2 7 330.629639 381.074066 7 330.629639 381.074066 0 0 0
660 13 334 503 547 549 1 12 321.833344 378.812500 0 0 0 0 0 0
664 17 336 503 547 549 2 9 321.925934 379.148163 9 321.925934 379.148163 0 0 0
668 11 325 494 538 541 2 8 319.000000 379.000000 8 319.000000 379.000000 0 0 0
672 13 333 526 570 573 2 8 318.000000 379.000000 8 318.000000 379.000000 0 0 0
676 19 362 536 580 582 2 8 318.000000 379.000000 8 318.000000 379.000000 0 0 0
680 14 339 508 553 555 1 8 318.000000 379.000000 0 0 0 0 0 0
684 17 334 504 548 550 1 7 318.095245 378.904755 0 0 0 0 0 0
688 16 335 509 553 556 1 7 318.095245 378.904755 0 0 0 0 0 0
692 15 337 507 551 554 1 4 318.333344 379.000000 0 0 0 0 0 0
696 16 330 498 541 544 0 0 0 0 0 0 0 0 0 0
700 15 328 496 541 544 0 0 0 0 0 0 0 0 0 0
704 11 328 495 539 541 0 0 0 0 0 0 0 0 0 0
708 15 334 510 554 557 0 0 0 0 0 0 0 0 0 0
712 16 340 513 558 561 0 0 0 0 0 0 0 0 0 0
716 13 329 499 543 545 0 0 0 0 0 0 0 0 0 0
720 13 340 510 555 557 0 0 0 0 0 0 0 0 0 0
724 14 344 514 557 560 0 0 0 0 0 0 0 0 0 0
728 13 325 492 536 538 0 0 0 0 0 0 0 0 0 0
