325 199 512 681 726 728 0 0 0 0 0 0 0 0 0 0
329 34 344 508 551 553 0 0 0 0 0 0 0 0 0 0
333 13 320 485 528 531 0 0 0 0 0 0 0 0 0 0
337 17 331 500 545 547 0 0 0 0 0 0 0 0 0 0
341 13 325 495 538 540 1 15 554.487183 450.444458 0 0 0 0 0 0
345 11 323 490 533 536 1 18 534.777771 397.703705 0 0 0 0 0 0
349 17 330 497 541 543 1 17 499.756104 350.691071 0 0 0 0 0 0
353 14 326 495 538 540 1 16 420.729156 298.406250 0 0 0 0 0 0
357 13 324 492 538 540 1 10 388.444458 293.296295 0 0 0 0 0 0
361 19 336 502 546 548 1 6 344.166656 307.333344 0 0 0 0 0 0
365 10 326 492 534 537 1 6 337.000000 298.777771 0 0 0 0 0 0
369 12 327 493 536 539 1 8 331.833344 289.916656 0 0 0 0 0 0
373 15 327 495 540 542 1 6 326.222229 289.000000 0 0 0 0 0 0
377 17 331 498 542 544 1 7 317.904755 290.904755 0 0 0 0 0 0
381 11 323 491 534 536 1 6 316.500000 289.000000 0 0 0 0 0 0
385 17 328 497 541 544 1 15 315.238098 288.619049 0 0 0 0 0 0
389 12 323 490 533 535 1 8 314.000000 287.500000 0 0 0 0 0 0
393 13 323 490 535 537 1 4 314.500000 287.500000 0 0 0 0 0 0
397 16 332 499 542 544 1 5 314.222229 287.444458 0 0 0 0 0 0
401 15 328 494 537 540 1 4 314.500000 287.500000 0 0 0 0 0 0
405 12 325 492 535 537 1 4 314.500000 287.500000 0 0 0 0 0 0
409 16 329 496 541 544 1 3 314.333344 287.666656 0 0 0 0 0 0
413 13 329 497 541 543 0 0 0 0 0 0 0 0 0 0
417 12 324 494 537 540 0 0 0 0 0 0 0 0 0 0
