490 208 519 688 742 744 0 0 0 0 0 0 0 0 0 0
494 29 343 511 554 557 0 0 0 0 0 0 0 0 0 0
498 10 328 495 538 541 1 7 515.466675 165.733337 0 0 0 0 0 0
502 13 324 492 535 537 1 6 515.416687 165.500000 0 0 0 0 0 0
506 15 327 494 537 540 2 12 514.388916 165.611115 12 514.388916 165.611115 0 0 0
510 12 321 488 532 534 1 8 514.291687 165.625000 0 0 0 0 0 0
514 10 320 488 531 533 2 5 514.133362 165.866669 5 514.133362 165.866669 0 0 0
518 15 325 493 536 538 2 5 514.444458 165.777771 5 514.444458 165.777771 0 0 0
522 12 321 490 536 538 0 0 0 0 0 0 0 0 0 0
526 17 331 498 542 544 0 0 0 0 0 0 0 0 0 0
530 14 326 492 536 539 0 0 0 0 0 0 0 0 0 0
534 11 328 494 538 540 0 0 0 0 0 0 0 0 0 0
538 12 322 488 532 534 0 0 0 0 0 0 0 0 0 0
542 16 331 499 542 544 0 0 0 0 0 0 0 0 0 0
546 18 331 499 542 545 0 0 0 0 0 0 0 0 0 0
550 12 326 492 535 538 0 0 0 0 0 0 0 0 0 0
554 13 327 496 541 543 0 0 0 0 0 0 0 0 0 0
558 13 328 492 534 536 0 0 0 0 0 0 0 0 0 0
562 13 327 495 538 541 0 0 0 0 0 0 0 0 0 0
566 16 331 498 541 543 0 0 0 0 0 0 0 0 0 0
570 17 330 496 541 543 0 0 0 0 0 0 0 0 0 0
574 10 322 492 535 537 0 0 0 0 0 0 0 0 0 0
