225 210 518 690 734 737 0 0 0 0 0 0 0 0 0 0
229 36 348 515 558 560 0 0 0 0 0 0 0 0 0 0
233 12 322 489 533 535 0 0 0 0 0 0 0 0 0 0
237 13 330 497 540 543 0 0 0 0 0 0 0 0 0 0
241 15 337 503 547 550 5 9 420.888885 97.222221 9 420.888885 97.222221 9 420.888885 97.222221 9 420.888885 97.222221 9 420.888885 97.222221
245 12 322 490 532 536 10 62 418.283936 96.462959 62 418.283936 96.462959 62 418.283936 96.462959 62 418.283936 96.462959 62 418.283936 96.462959 62 418.283936 96.462959 62 418.283936 96.462959 62 418.283936 96.462959 62 418.283936 96.462959 62 418.283936 96.462959
249 11 323 490 534 538 10 55 417.134186 95.818184 55 417.134186 95.818184 55 417.134186 95.818184 55 417.134186 95.818184 55 417.134186 95.818184 55 417.134186 95.818184 55 417.134186 95.818184 55 417.134186 95.818184 55 417.134186 95.818184 55 417.134186 95.818184
253 15 329 496 539 542 5 12 419.555542 96.388885 12 419.555542 96.388885 12 419.555542 96.388885 12 419.555542 96.388885 12 419.555542 96.388885
257 19 332 500 543 546 9 48 368.785706 74.928574 48 368.785706 74.928574 48 368.785706 74.928574 48 368.785706 74.928574 48 368.785706 74.928574 48 368.785706 74.928574 48 368.785706 74.928574 48 368.785706 74.928574 48 368.785706 74.928574
261 12 321 488 532 535 1 5 423.333344 97.666664 0 0 0 0 0 0
265 15 327 495 538 541 4 17 419.466675 96.466667 17 419.466675 96.466667 17 419.466675 96.466667 17 419.466675 96.466667
269 12 327 494 539 541 1 3 397.333344 85.666664 0 0 0 0 0 0
273 13 329 495 538 540 0 0 0 0 0 0 0 0 0 0
277 15 332 498 542 544 0 0 0 0 0 0 0 0 0 0
281 14 327 494 537 539 0 0 0 0 0 0 0 0 0 0
285 13 328 495 540 543 0 0 0 0 0 0 0 0 0 0
289 12 328 495 538 540 1 4 591.000000 163.500000 0 0 0 0 0 0
293 12 324 492 535 537 1 6 157.500000 132.000000 0 0 0 0 0 0
297 12 322 491 535 537 0 0 0 0 0 0 0 0 0 0
301 15 326 493 535 538 1 3 416.666656 98.333336 0 0 0 0 0 0
305 10 321 488 531 535 1 4 416.666656 98.000000 0 0 0 0 0 0
309 14 325 491 536 539 0 0 0 0 0 0 0 0 0 0
313 15 328 495 538 541 0 0 0 0 0 0 0 0 0 0
317 13 324 490 533 535 0 0 0 0 0 0 0 0 0 0
