425 206 517 689 735 738 0 0 0 0 0 0 0 0 0 0
429 38 356 526 570 572 0 0 0 0 0 0 0 0 0 0
433 27 344 518 562 565 1 3 208.333328 172.333328 0 0 0 0 0 0
437 19 340 508 552 554 1 4 208.500000 172.000000 0 0 0 0 0 0
441 12 330 500 547 550 1 4 208.500000 172.000000 0 0 0 0 0 0
445 17 342 513 558 561 0 0 0 0 0 0 0 0 0 0
449 21 343 517 561 563 0 0 0 0 0 0 0 0 0 0
453 12 334 503 552 555 0 0 0 0 0 0 0 0 0 0
457 22 361 548 596 599 0 0 0 0 0 0 0 0 0 0
461 13 360 545 592 594 0 0 0 0 0 0 0 0 0 0
465 12 338 510 554 557 0 0 0 0 0 0 0 0 0 0
469 17 338 508 552 554 0 0 0 0 0 0 0 0 0 0
473 12 326 497 544 546 0 0 0 0 0 0 0 0 0 0
477 10 325 497 540 542 0 0 0 0 0 0 0 0 0 0
481 17 333 504 548 550 0 0 0 0 0 0 0 0 0 0
485 12 331 502 547 550 10 34 513.619019 133.976196 34 513.619019 133.976196 34 513.619019 133.976196 34 513.619019 133.976196 34 513.619019 133.976196 34 513.619019 133.976196 34 513.619019 133.976196 34 513.619019 133.976196 34 513.619019 133.976196 34 513.619019 133.976196
489 14 333 507 558 561 4 107 370.721466 121.168953 107 370.721466 121.168953 107 370.721466 121.168953 107 370.721466 121.168953
493 17 340 569 622 625 7 13 430.619049 144.380951 13 430.619049 144.380951 13 430.619049 144.380951 13 430.619049 144.380951 13 430.619049 144.380951 13 430.619049 144.380951 13 430.619049 144.380951
497 11 352 524 568 571 0 0 0 0 0 0 0 0 0 0
501 12 332 505 549 552 4 33 377.017548 123.035088 33 377.017548 123.035088 33 377.017548 123.035088 33 377.017548 123.035088
505 17 333 502 546 548 0 0 0 0 0 0 0 0 0 0
509 12 336 524 571 573 5 32 375.071442 122.571426 32 375.071442 122.571426 32 375.071442 122.571426 32 375.071442 122.571426 32 375.071442 122.571426
513 15 341 515 561 564 1 3 208.666672 171.666672 0 0 0 0 0 0
517 16 345 518 562 565 0 0 0 0 0 0 0 0 0 0
