650 219 525 691 733 735 0 0 0 0 0 0 0 0 0 0
654 35 345 513 558 560 0 0 0 0 0 0 0 0 0 0
658 13 328 496 540 542 0 0 0 0 0 0 0 0 0 0
662 17 334 521 586 589 0 0 0 0 0 0 0 0 0 0
666 14 346 521 567 569 0 0 0 0 0 0 0 0 0 0
670 16 356 533 577 580 0 0 0 0 0 0 0 0 0 0
674 18 336 506 550 552 0 0 0 0 0 0 0 0 0 0
678 12 333 501 545 547 0 0 0 0 0 0 0 0 0 0
682 13 332 503 546 548 1 18 627.227295 439.863647 0 0 0 0 0 0
686 15 328 497 540 543 1 15 601.014465 428.898560 0 0 0 0 0 0
690 13 320 485 528 530 1 11 600.807007 428.736847 0 0 0 0 0 0
694 12 323 496 540 543 1 14 563.649109 421.526306 0 0 0 0 0 0
698 17 334 504 547 550 1 15 516.279541 418.806458 0 0 0 0 0 0
702 12 320 486 529 531 1 13 516.425293 418.839081 0 0 0 0 0 0
706 11 322 490 533 535 2 20 465.547607 418.892853 20 465.547607 418.892853 0 0 0
710 17 330 500 543 545 1 16 441.039673 413.325409 0 0 0 0 0 0
714 12 323 491 534 536 1 15 440.933319 413.226654 0 0 0 0 0 0
718 12 324 494 538 541 1 17 430.695251 406.752380 0 0 0 0 0 0
722 17 331 497 540 543 2 15 417.580963 405.285706 15 417.580963 405.285706 0 0 0
726 11 324 494 538 541 2 14 417.366669 405.211121 14 417.366669 405.211121 0 0 0
730 12 327 497 542 545 3 21 401.405792 409.405792 21 401.405792 409.405792 21 401.405792 409.405792
734 20 361 532 576 579 3 17 388.656555 406.282837 17 388.656555 406.282837 17 388.656555 406.282837
738 14 332 503 546 549 2 15 388.656555 406.282837 15 388.656555 406.282837 0 0 0
742 12 322 488 531 534 3 20 382.481476 405.259247 20 382.481476 405.259247 20 382.481476 405.259247
746 17 329 495 539 541 2 26 372.500000 404.977264 26 372.500000 404.977264 0 0 0
750 12 318 484 528 531 1 21 365.575165 404.869293 0 0 0 0 0 0
754 12 328 498 542 544 1 18 365.555542 404.896820 0 0 0 0 0 0
758 17 333 502 546 548 1 28 361.516663 405.094452 0 0 0 0 0 0
762 11 321 486 530 533 2 19 359.643402 406.232544 19 359.643402 406.232544 0 0 0
766 18 333 504 550 553 2 20 359.812500 405.916656 20 359.812500 405.916656 0 0 0
770 19 343 514 558 560 2 19 360.666656 406.740753 19 360.666656 406.740753 0 0 0
774 13 323 490 535 537 1 23 360.260864 406.043488 0 0 0 0 0 0
778 12 320 484 527 529 1 17 360.878784 405.939392 0 0 0 0 0 0
782 15 333 501 544 547 1 9 361.148163 406.074066 0 0 0 0 0 0
786 13 324 492 538 540 1 8 361.222229 406.000000 0 0 0 0 0 0
790 13 330 495 538 540 0 0 0 0 0 0 0 0 0 0
794 16 328 495 538 541 0 0 0 0 0 0 0 0 0 0
798 18 331 503 547 550 0 0 0 0 0 0 0 0 0 0
