520 210 520 689 734 736 0 0 0 0 0 0 0 0 0 0
524 30 341 508 551 554 0 0 0 0 0 0 0 0 0 0
528 12 322 488 532 534 0 0 0 0 0 0 0 0 0 0
532 15 325 495 538 541 0 0 0 0 0 0 0 0 0 0
536 10 324 492 537 539 0 0 0 0 0 0 0 0 0 0
540 14 331 498 541 543 0 0 0 0 0 0 0 0 0 0
544 15 331 497 540 543 1 4 416.666656 99.000000 0 0 0 0 0 0
548 13 328 496 539 541 0 0 0 0 0 0 0 0 0 0
552 11 325 493 538 540 0 0 0 0 0 0 0 0 0 0
556 17 335 502 545 547 0 0 0 0 0 0 0 0 0 0
560 14 326 494 537 540 0 0 0 0 0 0 0 0 0 0
564 14 326 492 536 539 0 0 0 0 0 0 0 0 0 0
568 15 325 492 535 537 0 0 0 0 0 0 0 0 0 0
572 13 322 489 532 535 0 0 0 0 0 0 0 0 0 0
576 14 327 497 540 542 0 0 0 0 0 0 0 0 0 0
580 15 324 491 535 537 0 0 0 0 0 0 0 0 0 0
584 12 322 489 533 535 1 3 416.333344 99.666664 0 0 0 0 0 0
588 13 324 491 535 538 0 0 0 0 0 0 0 0 0 0
592 13 328 496 539 541 1 3 416.333344 99.666664 0 0 0 0 0 0
