485 210 528 700 746 749 0 0 0 0 0 0 0 0 0 0
489 32 348 518 562 564 0 0 0 0 0 0 0 0 0 0
493 17 327 494 538 540 0 0 0 0 0 0 0 0 0 0
497 20 331 499 544 546 0 0 0 0 0 0 0 0 0 0
501 12 329 501 544 547 0 0 0 0 0 0 0 0 0 0
505 16 330 499 544 546 2 4 406.500000 94.500000 4 406.500000 94.500000 0 0 0
509 14 329 499 543 545 1 4 406.500000 95.000000 0 0 0 0 0 0
513 14 360 561 610 613 1 7 416.555542 98.777779 0 0 0 0 0 0
517 15 340 511 556 558 3 9 416.533325 98.733330 9 416.533325 98.733330 9 416.533325 98.733330
521 12 329 498 543 546 1 6 416.500000 99.000000 0 0 0 0 0 0
525 12 329 501 546 548 1 5 416.555542 98.777779 0 0 0 0 0 0
529 16 330 500 545 547 0 0 0 0 0 0 0 0 0 0
533 11 323 494 538 540 0 0 0 0 0 0 0 0 0 0
537 13 330 499 544 546 0 0 0 0 0 0 0 0 0 0
541 17 332 503 546 549 1 3 416.333344 98.666664 0 0 0 0 0 0
545 12 334 504 549 551 0 0 0 0 0 0 0 0 0 0
549 14 334 506 550 553 0 0 0 0 0 0 0 0 0 0
553 16 347 518 564 566 3 4 574.500000 168.500000 4 574.500000 168.500000 4 574.500000 168.500000
557 12 326 494 538 540 0 0 0 0 0 0 0 0 0 0
561 13 327 497 542 544 1 6 157.000000 132.500000 0 0 0 0 0 0
565 16 331 498 542 544 0 0 0 0 0 0 0 0 0 0
569 22 338 561 609 611 0 0 0 0 0 0 0 0 0 0
573 11 339 509 553 556 0 0 0 0 0 0 0 0 0 0
577 15 337 509 554 556 0 0 0 0 0 0 0 0 0 0
581 13 330 500 545 547 0 0 0 0 0 0 0 0 0 0
585 12 344 516 563 565 0 0 0 0 0 0 0 0 0 0
