130 209 519 689 733 735 0 0 0 0 0 0 0 0 0 0
134 32 346 512 555 557 0 0 0 0 0 0 0 0 0 0
138 12 325 494 538 541 0 0 0 0 0 0 0 0 0 0
142 12 328 495 539 541 0 0 0 0 0 0 0 0 0 0
146 18 329 493 536 538 0 0 0 0 0 0 0 0 0 0
150 13 325 490 532 534 0 0 0 0 0 0 0 0 0 0
154 11 324 490 535 538 1 17 563.147278 460.666656 0 0 0 0 0 0
158 17 330 494 536 539 1 19 523.193787 364.364349 0 0 0 0 0 0
162 12 323 488 531 533 1 22 489.071442 331.916656 0 0 0 0 0 0
166 13 322 486 530 532 1 15 454.438599 313.789459 0 0 0 0 0 0
170 17 330 494 536 539 1 8 398.000000 311.500000 0 0 0 0 0 0
174 11 323 491 534 537 1 7 377.888885 319.222229 0 0 0 0 0 0
178 13 326 494 540 543 1 14 376.500000 306.500000 0 0 0 0 0 0
182 20 339 507 550 553 1 8 370.083344 299.833344 0 0 0 0 0 0
186 12 330 497 540 542 1 13 366.794861 299.794861 0 0 0 0 0 0
190 14 331 497 542 545 2 6 364.500000 295.583344 6 364.500000 295.583344 0 0 0
194 13 332 498 541 543 1 9 364.185181 296.259247 0 0 0 0 0 0
198 14 334 501 544 546 1 13 363.814819 294.962952 0 0 0 0 0 0
202 13 329 496 539 542 1 8 363.833344 294.666656 0 0 0 0 0 0
206 16 331 498 541 543 1 4 363.500000 294.500000 0 0 0 0 0 0
210 11 325 492 535 538 1 4 363.500000 294.500000 0 0 0 0 0 0
214 13 330 497 541 543 1 3 363.333344 294.666656 0 0 0 0 0 0
218 17 332 500 543 545 0 0 0 0 0 0 0 0 0 0
222 12 328 496 539 541 0 0 0 0 0 0 0 0 0 0
226 13 329 497 542 545 0 0 0 0 0 0 0 0 0 0
230 15 333 500 543 546 0 0 0 0 0 0 0 0 0 0
