230 205 515 682 728 730 0 0 0 0 0 0 0 0 0 0
234 27 341 508 551 553 0 0 0 0 0 0 0 0 0 0
238 13 326 493 536 539 0 0 0 0 0 0 0 0 0 0
242 16 332 499 544 546 1 17 568.248047 474.480621 0 0 0 0 0 0
246 13 332 499 542 545 1 18 566.299988 418.600006 0 0 0 0 0 0
250 11 327 495 539 541 1 15 546.593506 364.276428 0 0 0 0 0 0
254 17 332 498 541 543 1 13 477.825409 294.714294 0 0 0 0 0 0
258 13 327 494 537 540 1 12 443.500000 283.500000 0 0 0 0 0 0
262 13 329 497 540 542 1 9 414.074066 284.851837 0 0 0 0 0 0
266 17 334 501 546 549 2 6 371.000000 304.777771 6 371.000000 304.777771 0 0 0
270 12 330 497 540 542 1 6 366.222229 297.000000 0 0 0 0 0 0
274 14 331 499 542 545 1 10 363.000000 291.222229 0 0 0 0 0 0
278 17 333 500 546 548 1 6 354.000000 297.000000 0 0 0 0 0 0
282 39 364 531 574 577 1 13 353.727264 294.939392 0 0 0 0 0 0
286 17 336 504 547 549 2 5 353.222229 293.444458 5 353.222229 293.444458 0 0 0
290 17 331 499 544 546 1 3 353.333344 295.333344 0 0 0 0 0 0
294 13 327 495 538 540 0 0 0 0 0 0 0 0 0 0
298 12 328 495 540 543 0 0 0 0 0 0 0 0 0 0
302 17 342 508 551 553 0 0 0 0 0 0 0 0 0 0
306 11 326 491 533 536 0 0 0 0 0 0 0 0 0 0
310 12 327 495 541 543 0 0 0 0 0 0 0 0 0 0
314 18 338 506 550 553 0 0 0 0 0 0 0 0 0 0
318 13 325 493 537 539 0 0 0 0 0 0 0 0 0 0
