215 214 525 692 736 739 0 0 0 0 0 0 0 0 0 0
219 30 345 511 554 556 0 0 0 0 0 0 0 0 0 0
223 12 324 494 539 541 1 3 208.333328 172.333328 0 0 0 0 0 0
227 13 323 490 533 535 0 0 0 0 0 0 0 0 0 0
231 14 325 492 538 540 0 0 0 0 0 0 0 0 0 0
235 13 332 500 543 545 0 0 0 0 0 0 0 0 0 0
239 13 334 506 550 553 0 0 0 0 0 0 0 0 0 0
243 16 346 518 562 566 0 0 0 0 0 0 0 0 0 0
247 13 325 492 535 537 0 0 0 0 0 0 0 0 0 0
251 9 319 490 535 537 0 0 0 0 0 0 0 0 0 0
255 17 333 503 547 549 0 0 0 0 0 0 0 0 0 0
259 14 328 507 550 553 0 0 0 0 0 0 0 0 0 0
263 13 321 486 531 533 0 0 0 0 0 0 0 0 0 0
267 15 336 510 554 556 1 5 218.666672 153.333328 0 0 0 0 0 0
271 14 335 509 553 555 0 0 0 0 0 0 0 0 0 0
275 13 333 503 547 549 0 0 0 0 0 0 0 0 0 0
279 18 335 503 546 549 0 0 0 0 0 0 0 0 0 0
283 13 329 498 544 546 0 0 0 0 0 0 0 0 0 0
287 11 330 501 546 548 0 0 0 0 0 0 0 0 0 0
291 17 331 521 593 598 0 0 0 0 0 0 0 0 0 0
295 15 362 541 587 589 0 0 0 0 0 0 0 0 0 0
299 16 328 495 539 541 0 0 0 0 0 0 0 0 0 0
303 19 335 507 551 553 0 0 0 0 0 0 0 0 0 0
307 13 322 490 534 536 0 0 0 0 0 0 0 0 0 0
311 13 332 503 547 550 0 0 0 0 0 0 0 0 0 0
315 16 329 497 540 542 0 0 0 0 0 0 0 0 0 0
