505 204 513 681 726 728 0 0 0 0 0 0 0 0 0 0
509 27 341 513 556 559 0 0 0 0 0 0 0 0 0 0
513 13 322 488 531 533 0 0 0 0 0 0 0 0 0 0
517 13 323 488 532 534 0 0 0 0 0 0 0 0 0 0
521 14 333 504 547 549 0 0 0 0 0 0 0 0 0 0
525 12 325 492 535 538 0 0 0 0 0 0 0 0 0 0
529 15 327 494 538 541 1 8 560.750000 469.583344 0 0 0 0 0 0
533 11 329 497 540 542 1 12 527.916687 369.125000 0 0 0 0 0 0
537 17 329 499 542 545 1 10 494.000000 332.500000 0 0 0 0 0 0
541 18 333 502 548 550 1 9 459.133331 311.888885 0 0 0 0 0 0
545 13 331 499 543 545 0 0 0 0 0 0 0 0 0 0
549 12 327 495 538 540 0 0 0 0 0 0 0 0 0 0
553 14 330 496 542 544 0 0 0 0 0 0 0 0 0 0
557 17 335 502 545 547 0 0 0 0 0 0 0 0 0 0
561 12 331 504 548 550 0 0 0 0 0 0 0 0 0 0
565 17 340 508 553 555 1 3 356.333344 285.666656 0 0 0 0 0 0
569 13 331 498 541 543 0 0 0 0 0 0 0 0 0 0
573 11 328 499 543 546 0 0 0 0 0 0 0 0 0 0
577 17 340 509 553 555 0 0 0 0 0 0 0 0 0 0
581 13 333 503 546 549 0 0 0 0 0 0 0 0 0 0
585 13 334 505 550 552 0 0 0 0 0 0 0 0 0 0
589 18 340 511 555 558 0 0 0 0 0 0 0 0 0 0
593 10 335 507 551 553 0 0 0 0 0 0 0 0 0 0
597 12 333 504 548 550 0 0 0 0 0 0 0 0 0 0
601 16 332 501 545 547 0 0 0 0 0 0 0 0 0 0
605 13 332 500 545 547 0 0 0 0 0 0 0 0 0 0
609 11 326 496 548 551 0 0 0 0 0 0 0 0 0 0
613 25 380 554 600 602 0 0 0 0 0 0 0 0 0 0
