520 209 526 696 761 763 0 0 0 0 0 0 0 0 0 0
524 26 343 512 555 558 0 0 0 0 0 0 0 0 0 0
528 12 321 489 532 535 0 0 0 0 0 0 0 0 0 0
532 16 331 500 552 555 0 0 0 0 0 0 0 0 0 0
536 10 329 499 543 545 0 0 0 0 0 0 0 0 0 0
540 20 335 501 543 546 0 0 0 0 0 0 0 0 0 0
544 16 332 500 545 547 0 0 0 0 0 0 0 0 0 0
548 12 330 500 544 546 2 8 532.000000 231.444443 8 532.000000 231.444443 0 0 0
552 11 327 499 548 551 1 7 488.266663 205.466660 0 0 0 0 0 0
556 16 346 520 564 566 1 9 449.121216 197.303024 0 0 0 0 0 0
560 12 331 502 545 547 0 0 0 0 0 0 0 0 0 0
564 13 346 528 576 579 0 0 0 0 0 0 0 0 0 0
568 17 345 520 565 568 0 0 0 0 0 0 0 0 0 0
572 13 344 524 571 574 6 5 464.222229 119.555557 5 464.222229 119.555557 5 464.222229 119.555557 5 464.222229 119.555557 5 464.222229 119.555557 5 464.222229 119.555557
576 15 337 509 554 556 3 6 419.000000 97.666664 6 419.000000 97.666664 6 419.000000 97.666664
580 17 333 503 547 549 2 3 464.666656 119.666664 3 464.666656 119.666664 0 0 0
584 13 325 493 536 538 0 0 0 0 0 0 0 0 0 0
588 12 317 484 528 530 0 0 0 0 0 0 0 0 0 0
592 13 320 484 529 532 0 0 0 0 0 0 0 0 0 0
596 14 329 495 539 541 0 0 0 0 0 0 0 0 0 0
600 13 324 492 536 538 0 0 0 0 0 0 0 0 0 0
