155 209 521 690 734 736 0 0 0 0 0 0 0 0 0 0
159 27 343 511 555 558 10 22 399.166656 86.777779 22 399.166656 86.777779 22 399.166656 86.777779 22 399.166656 86.777779 22 399.166656 86.777779 22 399.166656 86.777779 22 399.166656 86.777779 22 399.166656 86.777779 22 399.166656 86.777779 22 399.166656 86.777779
163 13 324 497 541 543 3 5 418.888885 97.222221 5 418.888885 97.222221 5 418.888885 97.222221
167 13 329 503 553 555 0 0 0 0 0 0 0 0 0 0
171 17 336 507 552 554 0 0 0 0 0 0 0 0 0 0
175 11 330 498 541 543 1 12 597.000000 477.500000 0 0 0 0 0 0
179 14 333 506 551 554 1 18 576.500000 335.339752 0 0 0 0 0 0
183 16 334 503 546 548 1 20 540.008789 275.684204 0 0 0 0 0 0
187 13 367 547 594 596 1 14 498.733337 237.288895 0 0 0 0 0 0
191 11 334 506 550 553 1 12 428.785706 214.880951 0 0 0 0 0 0
195 17 331 505 549 552 1 8 403.500000 221.000000 0 0 0 0 0 0
199 14 331 499 541 544 1 4 383.000000 232.000000 0 0 0 0 0 0
203 12 322 493 536 539 1 5 358.777771 246.555557 0 0 0 0 0 0
207 15 325 492 537 539 1 4 355.500000 236.500000 0 0 0 0 0 0
211 11 326 496 539 541 1 4 351.500000 232.500000 0 0 0 0 0 0
215 14 325 492 535 537 1 3 344.333344 234.666672 0 0 0 0 0 0
219 15 329 499 542 544 1 6 342.500000 233.000000 0 0 0 0 0 0
223 13 325 495 539 541 1 5 341.444458 233.222229 0 0 0 0 0 0
227 13 325 491 535 538 4 3 340.666656 233.333328 3 340.666656 233.333328 3 340.666656 233.333328 3 340.666656 233.333328
231 12 321 490 546 549 2 3 341.333344 233.333328 3 341.333344 233.333328 0 0 0
235 12 326 493 536 539 0 0 0 0 0 0 0 0 0 0
239 13 320 485 527 530 2 5 432.333344 104.333336 5 432.333344 104.333336 0 0 0
243 15 319 485 527 530 1 6 399.000000 87.000000 0 0 0 0 0 0
247 13 323 489 534 537 0 0 0 0 0 0 0 0 0 0
251 10 321 485 527 529 0 0 0 0 0 0 0 0 0 0
255 17 329 496 539 541 0 0 0 0 0 0 0 0 0 0
