1280 235 561 736 781 783 0 0 0 0 0 0 0 0 0 0
1284 37 355 530 574 577 0 0 0 0 0 0 0 0 0 0
1288 18 337 509 553 555 0 0 0 0 0 0 0 0 0 0
1292 14 332 504 547 550 0 0 0 0 0 0 0 0 0 0
1296 10 327 496 542 545 0 0 0 0 0 0 0 0 0 0
1300 18 340 510 554 557 0 0 0 0 0 0 0 0 0 0
1304 14 334 504 549 551 0 0 0 0 0 0 0 0 0 0
1308 13 370 545 589 592 0 0 0 0 0 0 0 0 0 0
1312 16 344 528 581 583 0 0 0 0 0 0 0 0 0 0
1316 13 338 516 561 563 1 4 633.666687 366.000000 0 0 0 0 0 0
1320 13 333 505 550 553 0 0 0 0 0 0 0 0 0 0
1324 17 332 500 543 545 1 3 594.666687 441.666656 0 0 0 0 0 0
1328 14 324 489 532 534 2 8 543.133362 434.799988 8 543.133362 434.799988 0 0 0
1332 11 324 492 536 538 2 6 543.250000 435.000000 6 543.250000 435.000000 0 0 0
1336 17 330 498 541 543 1 8 533.875000 444.625000 0 0 0 0 0 0
1340 13 325 493 537 539 2 10 507.916656 455.166656 10 507.916656 455.166656 0 0 0
1344 13 329 498 541 543 1 27 475.799988 452.844452 0 0 0 0 0 0
1348 17 324 489 532 534 2 8 475.708344 455.250000 8 475.708344 455.250000 0 0 0
1352 11 319 485 528 530 3 10 425.500000 475.250000 10 425.500000 475.250000 10 425.500000 475.250000
1356 19 327 497 540 543 2 9 425.641022 475.282043 9 425.641022 475.282043 0 0 0
1360 18 331 497 540 542 2 5 425.444458 475.222229 5 425.444458 475.222229 0 0 0
1364 12 323 491 534 537 2 8 366.583344 474.750000 8 366.583344 474.750000 0 0 0
1368 16 323 488 531 533 0 0 0 0 0 0 0 0 0 0
1372 10 316 484 527 529 0 0 0 0 0 0 0 0 0 0
1376 12 324 493 536 538 0 0 0 0 0 0 0 0 0 0
1380 12 325 492 535 538 1 7 238.904755 477.095245 0 0 0 0 0 0
1384 16 329 498 541 544 1 7 238.904755 477.095245 0 0 0 0 0 0
1388 12 324 492 535 538 2 5 199.222229 477.555542 5 199.222229 477.555542 0 0 0
1392 12 324 492 535 538 2 10 182.111115 471.444458 10 182.111115 471.444458 0 0 0
1396 16 328 496 540 543 1 11 149.711105 462.888885 0 0 0 0 0 0
1400 13 332 501 544 546 2 5 122.111115 452.222229 5 122.111115 452.222229 0 0 0
1404 12 323 492 535 537 1 4 122.333336 452.000000 0 0 0 0 0 0
1408 14 327 496 539 541 1 3 97.333336 452.333344 0 0 0 0 0 0
1412 12 324 492 535 537 1 5 82.222221 432.555542 0 0 0 0 0 0
1416 12 326 493 537 539 1 5 82.222221 432.555542 0 0 0 0 0 0
1420 20 331 497 543 545 1 3 75.666664 431.333344 0 0 0 0 0 0
1424 13 328 496 540 543 0 0 0 0 0 0 0 0 0 0
1428 11 325 492 536 538 1 3 53.333332 420.666656 0 0 0 0 0 0
1432 17 328 495 540 543 0 0 0 0 0 0 0 0 0 0
1436 14 342 511 555 557 0 0 0 0 0 0 0 0 0 0
1440 13 327 495 538 541 0 0 0 0 0 0 0 0 0 0
1444 18 332 501 544 548 0 0 0 0 0 0 0 0 0 0
1448 10 321 490 533 535 0 0 0 0 0 0 0 0 0 0
1452 12 326 495 538 540 0 0 0 0 0 0 0 0 0 0
1456 16 329 498 542 545 0 0 0 0 0 0 0 0 0 0
1460 13 326 493 536 539 0 0 0 0 0 0 0 0 0 0
1464 11 321 489 532 534 0 0 0 0 0 0 0 0 0 0
1468 16 328 496 541 544 0 0 0 0 0 0 0 0 0 0
