580 209 521 688 734 737 0 0 0 0 0 0 0 0 0 0
584 36 349 516 559 562 0 0 0 0 0 0 0 0 0 0
588 12 323 492 535 537 0 0 0 0 0 0 0 0 0 0
592 13 324 495 542 545 0 0 0 0 0 0 0 0 0 0
596 18 330 497 541 543 0 0 0 0 0 0 0 0 0 0
600 12 324 491 534 536 0 0 0 0 0 0 0 0 0 0
604 15 328 497 541 544 0 0 0 0 0 0 0 0 0 0
608 13 325 492 535 537 0 0 0 0 0 0 0 0 0 0
612 10 319 486 530 533 0 0 0 0 0 0 0 0 0 0
616 15 325 491 536 538 1 5 157.666672 132.666672 0 0 0 0 0 0
620 13 327 494 537 539 2 7 157.666672 132.666672 7 157.666672 132.666672 0 0 0
624 13 323 489 532 535 0 0 0 0 0 0 0 0 0 0
628 14 325 492 535 537 0 0 0 0 0 0 0 0 0 0
632 14 325 492 537 540 0 0 0 0 0 0 0 0 0 0
636 13 329 497 540 542 9 11 158.148148 131.148148 11 158.148148 131.148148 11 158.148148 131.148148 11 158.148148 131.148148 11 158.148148 131.148148 11 158.148148 131.148148 11 158.148148 131.148148 11 158.148148 131.148148 11 158.148148 131.148148
640 15 328 494 537 540 2 10 158.000000 131.333328 10 158.000000 131.333328 0 0 0
644 13 322 490 533 535 0 0 0 0 0 0 0 0 0 0
648 11 324 491 535 537 10 32 421.200012 98.766670 32 421.200012 98.766670 32 421.200012 98.766670 32 421.200012 98.766670 32 421.200012 98.766670 32 421.200012 98.766670 32 421.200012 98.766670 32 421.200012 98.766670 32 421.200012 98.766670 32 421.200012 98.766670
652 14 325 492 535 538 10 11 400.037048 87.592590 11 400.037048 87.592590 11 400.037048 87.592590 11 400.037048 87.592590 11 400.037048 87.592590 11 400.037048 87.592590 11 400.037048 87.592590 11 400.037048 87.592590 11 400.037048 87.592590 11 400.037048 87.592590
656 13 327 495 538 541 6 10 399.958344 87.750000 10 399.958344 87.750000 10 399.958344 87.750000 10 399.958344 87.750000 10 399.958344 87.750000 10 399.958344 87.750000
660 12 322 488 531 534 2 4 481.500000 105.500000 4 481.500000 105.500000 0 0 0
664 15 330 501 545 548 0 0 0 0 0 0 0 0 0 0
668 11 328 499 547 549 0 0 0 0 0 0 0 0 0 0
672 14 326 493 537 539 0 0 0 0 0 0 0 0 0 0
676 15 328 496 539 542 2 4 419.000000 97.500000 4 419.000000 97.500000 0 0 0
680 13 323 492 535 537 0 0 0 0 0 0 0 0 0 0
684 15 324 491 535 537 0 0 0 0 0 0 0 0 0 0
688 13 324 490 533 536 1 6 158.000000 131.500000 0 0 0 0 0 0
692 13 324 492 537 540 0 0 0 0 0 0 0 0 0 0
696 12 327 494 537 539 0 0 0 0 0 0 0 0 0 0
700 15 324 490 534 536 0 0 0 0 0 0 0 0 0 0
