320 235 545 714 759 761 0 0 0 0 0 0 0 0 0 0
324 34 347 514 558 560 0 0 0 0 0 0 0 0 0 0
328 16 328 495 541 543 0 0 0 0 0 0 0 0 0 0
332 13 329 500 558 560 0 0 0 0 0 0 0 0 0 0
336 15 396 569 614 617 0 0 0 0 0 0 0 0 0 0
340 18 340 509 554 556 0 0 0 0 0 0 0 0 0 0
344 13 331 504 548 551 0 0 0 0 0 0 0 0 0 0
348 13 342 514 559 561 0 0 0 0 0 0 0 0 0 0
352 19 336 507 553 555 0 0 0 0 0 0 0 0 0 0
356 14 331 501 544 546 0 0 0 0 0 0 0 0 0 0
360 12 326 497 541 544 0 0 0 0 0 0 0 0 0 0
364 15 335 508 551 554 0 0 0 0 0 0 0 0 0 0
368 12 329 499 542 545 0 0 0 0 0 0 0 0 0 0
372 14 328 498 542 544 0 0 0 0 0 0 0 0 0 0
376 16 339 531 588 590 0 0 0 0 0 0 0 0 0 0
380 13 347 523 568 571 0 0 0 0 0 0 0 0 0 0
384 10 331 506 550 553 0 0 0 0 0 0 0 0 0 0
388 16 336 507 551 554 0 0 0 0 0 0 0 0 0 0
392 13 330 500 545 548 1 12 620.500000 381.777771 0 0 0 0 0 0
396 12 329 499 543 546 1 10 620.500000 381.777771 0 0 0 0 0 0
400 14 371 558 613 616 2 12 585.708313 405.791656 12 585.708313 405.791656 0 0 0
404 17 375 571 630 633 2 16 572.870361 407.481476 16 572.870361 407.481476 0 0 0
408 15 403 578 626 628 2 10 573.222229 407.222229 10 573.222229 407.222229 0 0 0
412 17 340 515 559 562 1 18 551.299988 415.899994 0 0 0 0 0 0
416 13 330 494 536 538 2 13 537.984131 420.682526 13 537.984131 420.682526 0 0 0
420 11 327 494 543 545 1 19 519.911133 424.888885 0 0 0 0 0 0
424 17 344 513 563 565 1 12 520.250000 425.000000 0 0 0 0 0 0
428 58 402 577 622 624 2 20 498.592590 432.055542 20 498.592590 432.055542 0 0 0
432 13 339 524 576 578 1 9 482.393951 432.939392 0 0 0 0 0 0
436 23 361 538 584 586 2 10 482.571442 432.642853 10 482.571442 432.642853 0 0 0
440 12 352 535 580 582 3 8 465.500000 435.500000 8 465.500000 435.500000 8 465.500000 435.500000
444 13 351 530 575 578 3 24 453.033325 437.299988 24 453.033325 437.299988 24 453.033325 437.299988
448 16 339 513 557 559 3 16 453.375000 436.291656 16 453.375000 436.291656 16 453.375000 436.291656
452 15 337 510 555 558 3 13 441.606049 437.696960 13 441.606049 437.696960 13 441.606049 437.696960
456 17 338 508 552 555 2 14 436.433319 437.633331 14 436.433319 437.633331 0 0 0
460 11 334 506 551 553 2 12 436.250000 437.854156 12 436.250000 437.854156 0 0 0
464 14 335 506 552 554 1 16 434.615387 437.820526 0 0 0 0 0 0
468 18 344 531 595 599 2 9 432.939392 437.606049 9 432.939392 437.606049 0 0 0
472 23 354 536 582 584 1 18 433.541656 437.541656 0 0 0 0 0 0
476 16 354 531 576 579 1 15 433.769226 437.794861 0 0 0 0 0 0
480 14 346 519 563 566 1 8 433.000000 438.000000 0 0 0 0 0 0
484 17 337 510 554 557 1 7 433.095245 438.095245 0 0 0 0 0 0
488 13 330 498 546 548 1 7 433.095245 438.095245 0 0 0 0 0 0
492 13 334 501 546 548 1 6 433.000000 438.500000 0 0 0 0 0 0
496 15 338 513 560 562 0 0 0 0 0 0 0 0 0 0
500 13 338 509 552 555 0 0 0 0 0 0 0 0 0 0
504 14 336 510 554 557 0 0 0 0 0 0 0 0 0 0
508 17 338 507 552 554 0 0 0 0 0 0 0 0 0 0
512 14 330 499 543 545 0 0 0 0 0 0 0 0 0 0
