430 210 520 691 735 737 0 0 0 0 0 0 0 0 0 0
434 36 347 515 558 561 10 23 431.962952 106.407410 23 431.962952 106.407410 23 431.962952 106.407410 23 431.962952 106.407410 23 431.962952 106.407410 23 431.962952 106.407410 23 431.962952 106.407410 23 431.962952 106.407410 23 431.962952 106.407410 23 431.962952 106.407410
438 10 320 488 531 534 10 35 364.745087 75.098038 35 364.745087 75.098038 35 364.745087 75.098038 35 364.745087 75.098038 35 364.745087 75.098038 35 364.745087 75.098038 35 364.745087 75.098038 35 364.745087 75.098038 35 364.745087 75.098038 35 364.745087 75.098038
442 13 326 494 537 540 1 3 159.666672 128.666672 0 0 0 0 0 0
446 15 326 494 537 540 8 13 419.703705 98.481483 13 419.703705 98.481483 13 419.703705 98.481483 13 419.703705 98.481483 13 419.703705 98.481483 13 419.703705 98.481483 13 419.703705 98.481483 13 419.703705 98.481483
450 13 329 497 541 543 10 11 157.897430 130.974365 11 157.897430 130.974365 11 157.897430 130.974365 11 157.897430 130.974365 11 157.897430 130.974365 11 157.897430 130.974365 11 157.897430 130.974365 11 157.897430 130.974365 11 157.897430 130.974365 11 157.897430 130.974365
454 12 325 493 538 541 4 11 157.787872 130.969696 11 157.787872 130.969696 11 157.787872 130.969696 11 157.787872 130.969696
458 13 333 500 543 546 2 11 158.074081 130.740738 11 158.074081 130.740738 0 0 0
462 13 328 494 537 540 8 7 418.222229 97.555557 7 418.222229 97.555557 7 418.222229 97.555557 7 418.222229 97.555557 7 418.222229 97.555557 7 418.222229 97.555557 7 418.222229 97.555557 7 418.222229 97.555557
466 13 327 494 537 539 4 8 418.500000 97.583336 8 418.500000 97.583336 8 418.500000 97.583336 8 418.500000 97.583336
470 15 326 494 537 539 2 6 419.000000 97.500000 6 419.000000 97.500000 0 0 0
474 13 323 490 534 537 1 6 419.000000 97.500000 0 0 0 0 0 0
478 11 323 491 534 536 1 4 419.000000 97.500000 0 0 0 0 0 0
482 15 326 493 536 538 0 0 0 0 0 0 0 0 0 0
486 13 324 490 533 535 0 0 0 0 0 0 0 0 0 0
490 13 323 490 532 535 0 0 0 0 0 0 0 0 0 0
494 15 327 494 539 542 1 4 241.500000 131.000000 0 0 0 0 0 0
498 11 322 489 532 534 1 3 241.333328 130.666672 0 0 0 0 0 0
502 13 323 489 532 535 0 0 0 0 0 0 0 0 0 0
506 14 324 492 536 538 8 14 398.000000 86.000000 14 398.000000 86.000000 14 398.000000 86.000000 14 398.000000 86.000000 14 398.000000 86.000000 14 398.000000 86.000000 14 398.000000 86.000000 14 398.000000 86.000000
510 14 325 491 534 537 8 29 416.666656 95.476189 29 416.666656 95.476189 29 416.666656 95.476189 29 416.666656 95.476189 29 416.666656 95.476189 29 416.666656 95.476189 29 416.666656 95.476189 29 416.666656 95.476189
514 14 323 491 534 536 5 5 240.222229 74.555557 5 240.222229 74.555557 5 240.222229 74.555557 5 240.222229 74.555557 5 240.222229 74.555557
518 16 327 494 540 543 4 4 414.000000 94.500000 4 414.000000 94.500000 4 414.000000 94.500000 4 414.000000 94.500000
