595 206 520 691 737 739 0 0 0 0 0 0 0 0 0 0
599 30 343 515 560 562 0 0 0 0 0 0 0 0 0 0
603 15 326 494 538 540 0 0 0 0 0 0 0 0 0 0
607 13 325 499 542 545 0 0 0 0 0 0 0 0 0 0
611 10 324 493 536 538 0 0 0 0 0 0 0 0 0 0
615 15 334 505 550 552 0 0 0 0 0 0 0 0 0 0
619 15 337 505 549 552 2 5 491.222229 285.555542 5 491.222229 285.555542 0 0 0
623 13 324 491 534 537 1 4 416.500000 205.500000 0 0 0 0 0 0
627 18 330 497 542 544 0 0 0 0 0 0 0 0 0 0
631 11 326 494 537 540 0 0 0 0 0 0 0 0 0 0
635 18 331 498 542 544 0 0 0 0 0 0 0 0 0 0
639 16 331 498 543 545 0 0 0 0 0 0 0 0 0 0
643 13 328 495 538 540 0 0 0 0 0 0 0 0 0 0
647 10 325 492 536 538 0 0 0 0 0 0 0 0 0 0
651 17 333 499 542 545 0 0 0 0 0 0 0 0 0 0
655 12 324 491 534 536 0 0 0 0 0 0 0 0 0 0
659 13 324 491 534 537 0 0 0 0 0 0 0 0 0 0
663 15 326 492 536 539 0 0 0 0 0 0 0 0 0 0
667 12 327 495 538 541 0 0 0 0 0 0 0 0 0 0
671 13 325 494 538 540 0 0 0 0 0 0 0 0 0 0
675 16 327 496 540 542 0 0 0 0 0 0 0 0 0 0
