390 207 518 691 737 739 0 0 0 0 0 0 0 0 0 0
394 26 337 503 546 549 0 0 0 0 0 0 0 0 0 0
398 15 326 495 542 545 0 0 0 0 0 0 0 0 0 0
402 12 328 496 539 542 0 0 0 0 0 0 0 0 0 0
406 13 328 504 548 550 0 0 0 0 0 0 0 0 0 0
410 16 334 505 548 551 1 11 157.733337 131.733337 0 0 0 0 0 0
414 13 324 493 538 540 2 22 532.216675 395.477783 22 532.216675 395.477783 0 0 0
418 17 340 518 572 575 2 19 463.248230 251.368790 19 463.248230 251.368790 0 0 0
422 29 374 544 587 590 10 14 427.500000 218.383331 14 427.500000 218.383331 14 427.500000 218.383331 14 427.500000 218.383331 14 427.500000 218.383331 14 427.500000 218.383331 14 427.500000 218.383331 14 427.500000 218.383331 14 427.500000 218.383331 14 427.500000 218.383331
426 13 330 500 544 546 6 9 399.370361 205.925919 9 399.370361 205.925919 9 399.370361 205.925919 9 399.370361 205.925919 9 399.370361 205.925919 9 399.370361 205.925919
430 13 329 497 541 544 2 9 377.606049 204.606064 9 377.606049 204.606064 0 0 0
434 17 328 496 539 542 1 7 349.238098 223.809525 0 0 0 0 0 0
438 17 333 505 550 553 4 10 419.266663 97.000000 10 419.266663 97.000000 10 419.266663 97.000000 10 419.266663 97.000000
442 13 324 492 536 539 2 7 419.533325 96.933334 7 419.533325 96.933334 0 0 0
446 15 330 499 543 545 1 4 342.500000 219.500000 0 0 0 0 0 0
450 14 328 495 538 541 1 3 343.333344 221.666672 0 0 0 0 0 0
454 13 324 491 535 537 1 4 343.500000 220.500000 0 0 0 0 0 0
458 13 332 499 542 545 6 7 481.266663 105.466667 7 481.266663 105.466667 7 481.266663 105.466667 7 481.266663 105.466667 7 481.266663 105.466667 7 481.266663 105.466667
462 12 325 493 537 540 10 27 433.846161 106.948715 27 433.846161 106.948715 27 433.846161 106.948715 27 433.846161 106.948715 27 433.846161 106.948715 27 433.846161 106.948715 27 433.846161 106.948715 27 433.846161 106.948715 27 433.846161 106.948715 27 433.846161 106.948715
466 12 329 496 539 543 9 10 482.000000 105.500000 10 482.000000 105.500000 10 482.000000 105.500000 10 482.000000 105.500000 10 482.000000 105.500000 10 482.000000 105.500000 10 482.000000 105.500000 10 482.000000 105.500000 10 482.000000 105.500000
470 16 328 496 539 542 6 9 399.444458 88.222221 9 399.444458 88.222221 9 399.444458 88.222221 9 399.444458 88.222221 9 399.444458 88.222221 9 399.444458 88.222221
474 13 327 494 537 539 1 3 421.666656 99.333336 0 0 0 0 0 0
478 11 359 541 587 590 0 0 0 0 0 0 0 0 0 0
482 16 331 507 551 554 0 0 0 0 0 0 0 0 0 0
