520 233 562 738 784 786 0 0 0 0 0 0 0 0 0 0
524 32 370 543 589 591 0 0 0 0 0 0 0 0 0 0
528 13 338 512 557 560 0 0 0 0 0 0 0 0 0 0
532 18 338 512 559 562 8 71 303.349579 110.837395 71 303.349579 110.837395 71 303.349579 110.837395 71 303.349579 110.837395 71 303.349579 110.837395 71 303.349579 110.837395 71 303.349579 110.837395 71 303.349579 110.837395
536 14 355 535 583 585 4 24 421.714294 142.071426 24 421.714294 142.071426 24 421.714294 142.071426 24 421.714294 142.071426
540 16 368 587 641 643 2 16 422.500000 142.500000 16 422.500000 142.500000 0 0 0
544 22 395 581 635 638 1 6 210.000000 171.500000 0 0 0 0 0 0
548 14 371 545 593 596 1 5 209.666672 171.666672 0 0 0 0 0 0
552 12 332 504 550 553 2 8 425.500000 143.500000 8 425.500000 143.500000 0 0 0
556 17 338 507 550 553 0 0 0 0 0 0 0 0 0 0
560 12 325 494 537 539 0 0 0 0 0 0 0 0 0 0
564 12 322 490 535 538 0 0 0 0 0 0 0 0 0 0
568 17 333 501 544 546 0 0 0 0 0 0 0 0 0 0
572 10 325 494 537 540 5 14 161.000000 171.500000 14 161.000000 171.500000 14 161.000000 171.500000 14 161.000000 171.500000 14 161.000000 171.500000
576 13 323 493 538 541 0 0 0 0 0 0 0 0 0 0
580 17 335 506 549 552 0 0 0 0 0 0 0 0 0 0
584 13 334 501 544 547 0 0 0 0 0 0 0 0 0 0
588 12 327 497 542 544 0 0 0 0 0 0 0 0 0 0
592 15 330 513 556 558 0 0 0 0 0 0 0 0 0 0
596 13 327 500 545 548 10 58 168.466660 164.633331 58 168.466660 164.633331 58 168.466660 164.633331 58 168.466660 164.633331 58 168.466660 164.633331 58 168.466660 164.633331 58 168.466660 164.633331 58 168.466660 164.633331 58 168.466660 164.633331 58 168.466660 164.633331
600 13 330 502 548 551 4 18 172.199997 161.000000 18 172.199997 161.000000 18 172.199997 161.000000 18 172.199997 161.000000
604 20 362 534 577 580 3 14 169.666672 162.833328 14 169.666672 162.833328 14 169.666672 162.833328
608 15 348 536 591 594 0 0 0 0 0 0 0 0 0 0
612 11 347 531 574 577 0 0 0 0 0 0 0 0 0 0
616 17 330 499 543 545 0 0 0 0 0 0 0 0 0 0
620 12 326 498 542 545 0 0 0 0 0 0 0 0 0 0
