1065 214 524 695 741 744 0 0 0 0 0 0 0 0 0 0
1069 30 344 512 555 558 0 0 0 0 0 0 0 0 0 0
1073 13 332 500 544 546 0 0 0 0 0 0 0 0 0 0
1077 12 334 502 545 548 0 0 0 0 0 0 0 0 0 0
1081 16 330 500 544 546 0 0 0 0 0 0 0 0 0 0
1085 12 327 494 539 542 9 31 458.898560 120.579712 31 458.898560 120.579712 31 458.898560 120.579712 31 458.898560 120.579712 31 458.898560 120.579712 31 458.898560 120.579712 31 458.898560 120.579712 31 458.898560 120.579712 31 458.898560 120.579712
1089 13 330 498 541 543 2 29 460.039215 120.960785 29 460.039215 120.960785 0 0 0
1093 17 332 521 564 567 7 7 608.866638 418.133331 7 608.866638 418.133331 7 608.866638 418.133331 7 608.866638 418.133331 7 608.866638 418.133331 7 608.866638 418.133331 7 608.866638 418.133331
1097 14 332 499 542 544 6 8 462.500000 121.583336 8 462.500000 121.583336 8 462.500000 121.583336 8 462.500000 121.583336 8 462.500000 121.583336 8 462.500000 121.583336
1101 12 321 488 531 534 1 6 365.000000 76.500000 0 0 0 0 0 0
1105 15 323 489 534 536 1 10 526.000000 404.000000 0 0 0 0 0 0
1109 20 332 499 542 544 1 10 472.866669 403.399994 0 0 0 0 0 0
1113 17 325 490 532 535 1 4 473.000000 402.500000 0 0 0 0 0 0
1117 16 325 488 531 534 2 5 422.222229 404.555542 5 422.222229 404.555542 0 0 0
1121 14 327 494 542 544 2 5 398.444458 412.777771 5 398.444458 412.777771 0 0 0
1125 10 357 528 572 575 1 5 398.666656 394.666656 0 0 0 0 0 0
1129 18 330 497 541 543 2 4 382.000000 382.666656 4 382.000000 382.666656 0 0 0
1133 14 324 491 533 536 10 66 452.377197 118.660820 66 452.377197 118.660820 66 452.377197 118.660820 66 452.377197 118.660820 66 452.377197 118.660820 66 452.377197 118.660820 66 452.377197 118.660820 66 452.377197 118.660820 66 452.377197 118.660820 66 452.377197 118.660820
1137 11 322 490 533 536 10 63 453.222229 119.088120 63 453.222229 119.088120 63 453.222229 119.088120 63 453.222229 119.088120 63 453.222229 119.088120 63 453.222229 119.088120 63 453.222229 119.088120 63 453.222229 119.088120 63 453.222229 119.088120 63 453.222229 119.088120
1141 14 325 494 539 542 10 35 456.430908 120.593498 35 456.430908 120.593498 35 456.430908 120.593498 35 456.430908 120.593498 35 456.430908 120.593498 35 456.430908 120.593498 35 456.430908 120.593498 35 456.430908 120.593498 35 456.430908 120.593498 35 456.430908 120.593498
1145 13 327 496 539 542 4 13 462.733337 123.066666 13 462.733337 123.066666 13 462.733337 123.066666 13 462.733337 123.066666
1149 13 324 490 533 536 2 5 462.222229 123.444443 5 462.222229 123.444443 0 0 0
1153 16 328 497 540 542 1 3 462.666656 123.333336 0 0 0 0 0 0
1157 13 328 500 546 549 4 8 462.200012 122.500000 8 462.200012 122.500000 8 462.200012 122.500000 8 462.200012 122.500000
1161 11 330 500 544 547 2 5 462.222229 122.444443 5 462.222229 122.444443 0 0 0
1165 16 335 545 590 593 3 4 312.500000 353.500000 4 312.500000 353.500000 4 312.500000 353.500000
1169 13 332 501 545 547 0 0 0 0 0 0 0 0 0 0
1173 12 324 492 536 539 0 0 0 0 0 0 0 0 0 0
1177 19 338 507 550 553 1 9 306.151520 354.030304 0 0 0 0 0 0
1181 11 325 493 536 538 1 4 306.500000 354.500000 0 0 0 0 0 0
1185 12 327 495 539 542 1 3 306.333344 354.333344 0 0 0 0 0 0
1189 16 332 500 543 545 0 0 0 0 0 0 0 0 0 0
1193 12 325 492 535 537 0 0 0 0 0 0 0 0 0 0
1197 13 327 493 537 539 0 0 0 0 0 0 0 0 0 0
1201 14 325 492 535 537 1 7 190.222229 101.222221 0 0 0 0 0 0
1205 12 322 491 534 536 0 0 0 0 0 0 0 0 0 0
1209 12 322 490 535 537 0 0 0 0 0 0 0 0 0 0
