290 216 536 702 744 746 0 0 0 0 0 0 0 0 0 0
294 27 340 510 555 557 0 0 0 0 0 0 0 0 0 0
298 14 327 493 536 539 0 0 0 0 0 0 0 0 0 0
302 17 335 505 548 550 0 0 0 0 0 0 0 0 0 0
306 11 321 488 532 535 0 0 0 0 0 0 0 0 0 0
310 15 330 496 539 541 0 0 0 0 0 0 0 0 0 0
314 18 335 508 552 555 1 17 570.858154 396.971619 0 0 0 0 0 0
318 14 325 493 536 539 1 19 537.723145 336.067810 0 0 0 0 0 0
322 13 327 494 537 540 1 20 494.913055 292.318848 0 0 0 0 0 0
326 15 331 498 542 545 1 12 419.750000 262.916656 0 0 0 0 0 0
330 13 329 498 541 544 1 11 392.843140 266.843140 0 0 0 0 0 0
334 12 326 494 539 541 1 16 371.791656 277.562500 0 0 0 0 0 0
338 17 331 502 545 547 1 12 354.500000 274.500000 0 0 0 0 0 0
342 13 329 498 542 545 1 3 350.666656 264.333344 0 0 0 0 0 0
346 10 330 497 540 542 1 5 347.777771 261.444458 0 0 0 0 0 0
350 17 331 498 542 544 2 5 342.555542 260.777771 5 342.555542 260.777771 0 0 0
354 12 326 493 536 539 1 4 339.500000 255.500000 0 0 0 0 0 0
358 12 327 495 539 542 1 6 338.500000 253.500000 0 0 0 0 0 0
362 16 338 508 554 556 1 6 338.500000 253.000000 0 0 0 0 0 0
366 14 341 505 547 550 1 5 338.666656 254.333328 0 0 0 0 0 0
370 12 328 499 542 545 0 0 0 0 0 0 0 0 0 0
374 17 330 501 546 549 1 7 339.555542 255.222229 0 0 0 0 0 0
378 14 335 507 552 554 1 4 339.500000 255.500000 0 0 0 0 0 0
382 11 355 538 585 588 0 0 0 0 0 0 0 0 0 0
386 17 344 516 560 563 0 0 0 0 0 0 0 0 0 0
390 13 333 505 550 553 0 0 0 0 0 0 0 0 0 0
394 13 329 501 545 547 0 0 0 0 0 0 0 0 0 0
