850 222 543 713 757 759 0 0 0 0 0 0 0 0 0 0
854 27 344 512 557 560 0 0 0 0 0 0 0 0 0 0
858 11 325 492 539 542 1 7 637.533325 445.733337 0 0 0 0 0 0
862 12 323 491 534 537 1 6 637.500000 446.000000 0 0 0 0 0 0
866 16 329 496 540 543 1 10 624.200012 428.366669 0 0 0 0 0 0
870 12 327 498 541 543 1 11 596.851868 413.851837 0 0 0 0 0 0
874 13 329 501 546 548 1 14 578.416687 408.944458 0 0 0 0 0 0
878 15 328 498 543 545 1 14 533.428589 401.809509 0 0 0 0 0 0
882 12 324 492 535 537 1 13 533.333313 402.181824 0 0 0 0 0 0
886 12 325 497 540 542 2 15 482.210541 398.614044 15 482.210541 398.614044 0 0 0
890 17 332 503 546 548 3 10 432.833344 400.000000 10 432.833344 400.000000 10 432.833344 400.000000
894 11 324 493 537 539 1 10 432.266663 400.000000 0 0 0 0 0 0
898 13 346 516 559 562 2 14 411.714294 389.535706 14 411.714294 389.535706 0 0 0
902 17 330 497 542 545 2 10 395.500000 410.000000 10 395.500000 410.000000 0 0 0
906 16 334 506 549 552 2 8 395.500000 410.500000 8 395.500000 410.500000 0 0 0
910 13 326 496 540 542 2 14 377.547607 379.404755 14 377.547607 379.404755 0 0 0
914 14 325 493 536 538 3 14 362.571442 377.785706 14 362.571442 377.785706 14 362.571442 377.785706
918 12 324 491 534 537 2 14 362.333344 377.666656 14 362.333344 377.666656 0 0 0
922 12 324 492 536 538 3 11 352.925934 373.851837 11 352.925934 373.851837 11 352.925934 373.851837
926 17 334 500 543 545 1 9 342.296295 375.000000 0 0 0 0 0 0
930 16 330 497 540 542 1 8 342.333344 374.750000 0 0 0 0 0 0
934 11 329 498 541 544 1 27 341.463776 375.797089 0 0 0 0 0 0
938 16 334 502 547 550 1 13 343.396820 374.492065 0 0 0 0 0 0
942 13 341 508 552 554 1 10 343.388885 374.333344 0 0 0 0 0 0
946 13 326 493 536 539 1 9 343.333344 374.592590 0 0 0 0 0 0
950 18 333 501 547 549 1 6 343.500000 375.000000 0 0 0 0 0 0
954 10 323 491 534 537 0 0 0 0 0 0 0 0 0 0
958 13 326 494 539 541 0 0 0 0 0 0 0 0 0 0
962 18 340 507 550 552 0 0 0 0 0 0 0 0 0 0
