420 207 519 689 735 737 0 0 0 0 0 0 0 0 0 0
424 31 348 514 557 560 0 0 0 0 0 0 0 0 0 0
428 13 330 497 540 543 0 0 0 0 0 0 0 0 0 0
432 12 334 501 545 548 0 0 0 0 0 0 0 0 0 0
436 16 328 499 542 545 0 0 0 0 0 0 0 0 0 0
440 11 323 492 535 537 0 0 0 0 0 0 0 0 0 0
444 13 328 495 538 541 1 16 556.933350 450.033325 0 0 0 0 0 0
448 16 327 495 540 543 1 11 537.111084 409.044434 0 0 0 0 0 0
452 16 335 502 545 548 1 11 468.282043 353.589752 0 0 0 0 0 0
456 16 331 497 541 543 1 9 431.128204 343.948730 0 0 0 0 0 0
460 10 323 490 534 537 1 8 399.500000 343.866669 0 0 0 0 0 0
464 13 327 496 539 541 1 8 362.250000 343.833344 0 0 0 0 0 0
468 13 324 491 534 536 1 8 356.625000 332.708344 0 0 0 0 0 0
472 16 327 494 537 540 1 7 349.733337 328.466675 0 0 0 0 0 0
476 11 322 490 534 536 1 9 342.333344 321.592590 0 0 0 0 0 0
480 13 322 491 534 536 1 10 340.611115 319.388885 0 0 0 0 0 0
484 16 328 496 539 542 1 4 340.500000 318.500000 0 0 0 0 0 0
488 13 328 512 556 558 1 4 340.500000 318.500000 0 0 0 0 0 0
492 13 325 492 535 537 1 4 340.500000 318.500000 0 0 0 0 0 0
496 14 327 494 537 540 0 0 0 0 0 0 0 0 0 0
500 13 324 493 539 542 0 0 0 0 0 0 0 0 0 0
504 13 323 489 531 534 0 0 0 0 0 0 0 0 0 0
