395 218 533 707 753 756 0 0 0 0 0 0 0 0 0 0
399 32 351 517 561 564 0 0 0 0 0 0 0 0 0 0
403 11 328 499 544 547 0 0 0 0 0 0 0 0 0 0
407 17 338 510 555 558 0 0 0 0 0 0 0 0 0 0
411 17 335 503 546 548 1 22 594.907410 438.083344 0 0 0 0 0 0
415 13 324 492 535 537 1 18 582.807007 377.973694 0 0 0 0 0 0
419 11 323 492 536 539 1 12 517.194458 296.333344 0 0 0 0 0 0
423 16 332 501 544 546 1 11 479.424255 283.060608 0 0 0 0 0 0
427 13 326 493 536 538 1 7 446.133331 283.666656 0 0 0 0 0 0
431 13 324 493 538 540 1 6 396.222229 306.000000 0 0 0 0 0 0
435 16 327 494 537 540 1 6 384.000000 310.500000 0 0 0 0 0 0
439 11 321 489 533 536 1 5 383.133331 297.866669 0 0 0 0 0 0
443 14 328 494 537 539 1 7 378.666656 289.133331 0 0 0 0 0 0
447 17 328 495 539 541 1 6 378.000000 284.500000 0 0 0 0 0 0
451 14 325 493 536 538 1 5 376.222229 283.555542 0 0 0 0 0 0
455 13 323 491 535 538 1 4 376.000000 281.666656 0 0 0 0 0 0
459 15 332 500 543 545 1 4 376.000000 281.666656 0 0 0 0 0 0
463 14 328 503 548 550 1 4 376.000000 281.666656 0 0 0 0 0 0
467 13 332 502 546 548 0 0 0 0 0 0 0 0 0 0
471 17 331 499 543 545 0 0 0 0 0 0 0 0 0 0
475 13 324 493 538 540 0 0 0 0 0 0 0 0 0 0
