50 205 517 690 734 738 0 0 0 0 0 0 0 0 0 0
54 31 348 522 566 568 0 0 0 0 0 0 0 0 0 0
58 11 326 493 537 539 0 0 0 0 0 0 0 0 0 0
62 18 330 499 543 545 0 0 0 0 0 0 0 0 0 0
66 13 325 493 539 541 1 20 552.933350 453.177765 0 0 0 0 0 0
70 16 337 507 550 553 1 16 531.803894 403.460785 0 0 0 0 0 0
74 17 339 507 550 552 1 17 463.595947 333.818176 0 0 0 0 0 0
78 11 324 492 535 537 2 12 430.500000 320.500000 12 430.500000 320.500000 0 0 0
82 12 325 492 536 538 1 11 402.238098 316.476196 0 0 0 0 0 0
86 16 333 500 545 548 2 8 367.000000 307.222229 8 367.000000 307.222229 0 0 0
90 21 341 509 552 554 1 6 355.000000 296.500000 0 0 0 0 0 0
94 12 327 493 536 539 5 60 344.395844 287.354156 60 344.395844 287.354156 60 344.395844 287.354156 60 344.395844 287.354156 60 344.395844 287.354156
98 15 330 497 542 545 8 32 349.708344 315.000000 32 349.708344 315.000000 32 349.708344 315.000000 32 349.708344 315.000000 32 349.708344 315.000000 32 349.708344 315.000000 32 349.708344 315.000000 32 349.708344 315.000000
102 12 329 499 542 545 4 18 342.250000 274.750000 18 342.250000 274.750000 18 342.250000 274.750000 18 342.250000 274.750000
106 13 327 496 539 541 2 22 349.500000 314.500000 22 349.500000 314.500000 0 0 0
110 17 337 505 548 550 2 5 341.777771 272.555542 5 341.777771 272.555542 0 0 0
114 13 327 498 542 544 1 5 341.777771 272.555542 0 0 0 0 0 0
118 10 327 494 537 539 1 4 341.500000 272.500000 0 0 0 0 0 0
122 17 333 502 546 549 1 3 341.666656 272.666656 0 0 0 0 0 0
126 12 330 496 539 541 0 0 0 0 0 0 0 0 0 0
130 12 327 495 538 540 0 0 0 0 0 0 0 0 0 0
