Frame_Number Initial_Part Normalization Background_Subtraction Average_Background_Update Thresholding BLOB_Detection BLOB_Classification Projection_Prediction Projected_X Projected_Y Uncertainty_X Uncertainty_Y ROI_X ROI_Y ROI_W ROI_H Number_Of_BLOBs BLOB_Area_1 Centroid_X_1 Centroid_Y_1 BLOB_Area_2 Centroid_X_2 Centroid_Y_2 BLOB_Area_3 Centroid_X_3 Centroid_Y_3
690 273 57 135 74 3 0 0 0 120.000000 110.000000 50.000000 50.000000 340 266 14 10 0
694 34 57 137 72 2 0 0 0 120.000000 110.000000 50.000000 50.000000 340 266 14 10 0
698 20 57 135 73 3 0 0 0 120.000000 110.000000 50.000000 50.000000 340 266 14 10 0
702 15 59 136 72 2 1 0 0 120.000000 110.000000 50.000000 50.000000 340 266 14 10 0
706 15 57 136 72 2 1 0 0 120.000000 110.000000 50.000000 50.000000 340 266 14 10 0
710 19 57 136 72 2 0 0 0 120.000000 110.000000 50.000000 50.000000 340 266 14 10 0
714 15 57 136 74 2 0 0 0 120.000000 110.000000 50.000000 50.000000 340 266 14 10 0
718 20 57 135 72 2 1 0 0 120.000000 110.000000 50.000000 50.000000 340 266 14 10 0
722 19 57 136 73 2 0 0 0 120.000000 110.000000 50.000000 50.000000 340 266 14 10 0
726 15 57 136 73 2 1 0 0 138.777771 344.888885 50.000000 50.000000 340 266 14 10 1 15 358.777771 500.888885
730 15 58 137 73 2 0 0 0 175.888885 327.777771 43.555553 33.555557 120 110 375 285 1 5 157.333328 336.333313
734 19 56 137 73 2 0 0 0 175.803925 330.803955 31.013071 19.542473 132 294 87 67 1 11 166.568634 333.568634
738 16 56 136 72 2 0 0 0 183.431366 327.431366 23.937908 12.839870 144 311 62 39 1 8 175.000000 330.500000
742 17 57 136 72 2 1 0 0 211.035095 319.429810 36.035095 11.955030 159 314 47 25 1 11 193.017548 324.964905
746 18 58 135 74 2 0 0 0 208.982452 320.035095 26.000000 8.442420 175 307 72 23 1 6 201.000000 322.500000
750 16 58 134 73 2 0 0 0 217.000000 318.166656 21.000000 6.387882 182 311 52 16 1 6 209.000000 320.333313
754 16 57 135 73 2 0 0 0 245.158722 310.555542 36.158722 9.777771 196 311 42 12 1 11 227.079361 315.444458
758 19 56 136 72 2 0 0 0 243.920639 311.555542 26.500000 6.833328 209 300 72 19 1 12 235.500000 313.500000
762 16 57 136 74 2 0 0 0 251.500000 309.500000 21.250000 5.416664 217 304 53 13 1 12 243.500000 311.500000
766 16 57 138 72 2 0 0 0 272.660919 306.454010 29.160919 5.231327 230 304 42 10 1 13 258.080444 308.976990
770 19 57 136 74 2 0 0 0 272.919556 306.023010 22.000000 5.000000 243 301 58 10 1 12 265.500000 307.500000
774 15 56 136 73 2 0 0 0 278.771606 305.117279 17.635803 5.000000 250 301 44 10 1 11 272.135803 306.308655
778 19 57 137 73 2 0 0 0 295.719269 304.589905 23.583466 5.000000 261 300 35 10 1 13 283.927551 305.449280
782 19 57 137 73 2 0 0 0 294.705811 305.650726 17.180862 5.000000 272 299 47 10 1 12 289.316650 305.549988
786 15 57 137 73 2 0 0 0 297.683350 305.450012 12.773766 5.000000 277 300 34 10 1 12 293.500000 305.500000
790 17 57 146 72 2 0 0 0 306.055542 305.293640 12.664654 5.000000 284 300 25 10 1 13 299.777771 305.396820
794 18 58 135 73 2 0 0 0 305.222229 305.311523 9.054556 5.000000 293 300 25 10 1 10 302.500000 305.354187
798 15 56 135 73 2 0 0 0 306.625000 305.270813 6.589778 5.000000 296 300 18 10 1 10 304.562500 305.312500
802 16 56 136 73 2 0 0 0 309.540070 306.431091 5.783674 5.000000 300 300 13 10 1 9 307.051270 305.871796
806 18 57 136 73 2 0 0 0 309.091553 307.556763 5.000000 5.000000 303 301 11 10 1 10 308.071411 306.714294
810 17 58 135 72 2 1 0 0 308.595215 306.619080 5.000000 5.000000 304 302 10 10 1 3 308.333313 306.666687
814 14 58 136 73 2 0 0 0 120.000000 110.000000 50.000000 50.000000 304 302 10 10 0
818 19 56 136 74 2 1 0 0 120.000000 110.000000 50.000000 50.000000 304 302 10 10 0
