Frame_Number Initial_Part Normalization Background_Subtraction Average_Background_Update Thresholding BLOB_Detection BLOB_Classification Projection_Prediction Projected_X Projected_Y Uncertainty_X Uncertainty_Y ROI_X ROI_Y ROI_W ROI_H Number_Of_BLOBs BLOB_Area_1 Centroid_X_1 Centroid_Y_1 BLOB_Area_2 Centroid_X_2 Centroid_Y_2 BLOB_Area_3 Centroid_X_3 Centroid_Y_3
110 270 57 135 77 2 1 0 0 120.000000 110.000000 50.000000 50.000000 333 278 10 10 0
114 44 59 134 73 3 0 0 0 120.000000 110.000000 50.000000 50.000000 333 278 10 10 0
118 15 57 136 72 2 1 0 0 120.000000 110.000000 50.000000 50.000000 333 278 10 10 0
122 18 58 133 73 2 0 0 0 120.000000 110.000000 50.000000 50.000000 333 278 10 10 0
126 15 57 135 74 2 0 0 0 120.000000 110.000000 50.000000 50.000000 333 278 10 10 0
130 16 57 135 73 2 0 0 0 120.000000 110.000000 50.000000 50.000000 333 278 10 10 0
134 19 56 136 73 2 0 0 0 120.000000 110.000000 50.000000 50.000000 333 278 10 10 0
138 20 58 134 72 3 0 0 0 120.000000 110.000000 50.000000 50.000000 333 278 10 10 0
142 15 56 135 72 2 1 0 0 120.000000 110.000000 50.000000 50.000000 333 278 10 10 0
146 19 58 134 73 2 1 0 0 120.000000 110.000000 50.000000 50.000000 333 278 10 10 0
150 15 58 135 73 3 0 0 0 120.000000 110.000000 50.000000 50.000000 333 278 10 10 0
154 16 57 135 73 2 1 0 0 163.638885 332.805542 50.000000 50.000000 333 278 10 10 1 12 376.638885 500.805542
158 19 57 134 74 2 0 0 0 182.766907 325.687195 34.564011 28.559174 120 110 375 285 1 13 173.202896 329.246399
162 15 57 137 73 2 0 0 0 193.376816 320.898560 27.368961 18.453506 148 297 69 57 1 11 183.289856 325.072449
166 16 57 136 73 2 1 0 0 223.599030 310.229126 40.309174 16.648430 166 302 54 36 1 11 203.444443 317.650787
170 19 57 136 73 2 0 0 0 224.155563 310.415863 30.510147 11.941677 183 293 80 33 1 10 213.800003 314.033325
174 18 58 134 73 2 0 0 0 232.658325 306.258331 24.684235 9.858335 193 298 61 23 1 10 223.229156 310.145813
178 19 56 135 73 2 0 0 0 262.770844 296.854187 39.541672 13.291656 207 296 49 19 1 16 243.000000 303.500000
182 18 57 136 74 2 0 0 0 262.912292 297.061401 29.726982 9.865128 223 283 79 26 1 16 252.956146 300.280701
186 17 57 137 73 2 0 0 0 272.201752 292.508789 24.486294 8.818520 233 287 59 19 1 14 262.578949 296.394745
190 15 56 136 74 2 0 0 0 298.463776 284.340302 35.884827 12.054443 247 283 48 17 1 15 280.521362 290.367523
194 18 57 137 73 2 0 0 0 298.091980 285.339142 26.727722 8.541412 262 272 71 24 1 13 289.306671 287.853333
198 16 57 135 73 2 0 0 0 303.750244 281.252350 20.585648 7.571198 271 276 53 17 1 15 296.528442 284.552856
202 15 58 135 75 2 0 0 0 324.304871 275.095337 27.776428 9.457520 283 273 41 15 1 16 310.416687 279.824097
206 18 57 135 72 2 0 0 0 321.967163 276.357727 19.663467 6.461929 296 265 55 18 1 13 316.191925 278.090912
210 15 57 136 72 2 0 0 0 327.259064 274.909088 15.365303 5.000000 302 269 39 12 1 16 321.725494 276.500000
214 15 57 137 72 2 0 0 0 340.683105 271.263428 18.957611 5.236572 311 269 30 10 1 13 331.204285 273.881714
218 19 56 136 73 2 0 0 0 339.938538 271.737335 13.845932 5.000000 321 266 37 10 1 10 335.571411 272.809509
222 15 57 136 73 2 0 0 0 342.428589 271.190491 10.351540 5.000000 326 266 27 10 1 12 339.000000 272.000000
226 15 57 136 72 2 1 0 0 348.698914 269.462372 10.025227 5.000000 332 266 20 10 1 15 343.849457 270.731201
230 18 57 136 73 2 0 0 0 347.928314 271.179932 7.052042 5.000000 338 264 20 10 1 11 345.888885 270.955566
234 18 58 136 73 2 0 1 0 349.444458 272.377808 5.303807 5.000000 340 266 14 10 1 3 347.666687 271.666687
238 14 57 136 74 1 0 0 0 120.000000 110.000000 50.000000 50.000000 340 266 14 10 0
242 19 57 136 74 2 0 0 0 120.000000 110.000000 50.000000 50.000000 340 266 14 10 0
246 17 57 137 73 2 0 0 0 120.000000 110.000000 50.000000 50.000000 340 266 14 10 0
250 16 56 136 73 2 1 0 0 120.000000 110.000000 50.000000 50.000000 340 266 14 10 0
254 20 56 136 73 2 1 0 0 120.000000 110.000000 50.000000 50.000000 340 266 14 10 0
258 17 57 135 74 2 1 0 0 120.000000 110.000000 50.000000 50.000000 340 266 14 10 0
262 15 57 136 72 2 0 1 0 120.000000 110.000000 50.000000 50.000000 340 266 14 10 0
266 19 57 137 72 2 1 0 0 120.000000 110.000000 50.000000 50.000000 340 266 14 10 0
270 17 57 136 73 2 0 0 0 120.000000 110.000000 50.000000 50.000000 340 266 14 10 0
