Frame_Number Initial_Part Normalization Background_Subtraction Average_Background_Update Thresholding BLOB_Detection BLOB_Classification Projection_Prediction Projected_X Projected_Y Uncertainty_X Uncertainty_Y ROI_X ROI_Y ROI_W ROI_H Number_Of_BLOBs BLOB_Area_1 Centroid_X_1 Centroid_Y_1 BLOB_Area_2 Centroid_X_2 Centroid_Y_2 BLOB_Area_3 Centroid_X_3 Centroid_Y_3
180 264 57 136 73 2 0 0 0 120.000000 110.000000 50.000000 50.000000 302 274 87 21 0
184 29 57 136 73 3 0 0 0 120.000000 110.000000 50.000000 50.000000 302 274 87 21 0
188 21 56 136 73 2 0 0 0 120.000000 110.000000 50.000000 50.000000 302 274 87 21 0
192 17 57 135 78 2 1 0 0 120.000000 110.000000 50.000000 50.000000 302 274 87 21 0
196 27 57 135 73 2 0 0 0 120.000000 110.000000 50.000000 50.000000 302 274 87 21 0
200 15 56 143 72 2 1 0 0 164.880005 333.586670 50.000000 50.000000 302 274 87 21 1 13 346.880005 497.586670
204 21 57 136 72 2 1 0 0 243.953323 307.691101 79.073326 37.947784 120 110 375 285 1 14 204.416656 320.638885
208 24 57 138 72 2 0 1 0 283.070526 295.463684 78.863586 31.561493 164 269 158 75 1 18 243.743591 308.051270
212 21 58 136 74 2 0 0 0 316.824310 288.948730 75.972153 25.332031 204 263 157 63 1 20 280.283936 298.500000
216 21 59 145 74 2 0 0 0 337.911438 285.097717 66.799828 19.367157 240 263 151 50 1 22 309.097717 291.798859
220 21 58 136 72 2 0 0 0 349.902283 281.201141 53.802212 14.982437 271 265 133 38 1 22 329.500000 286.500000
224 17 57 135 74 2 0 0 0 334.083344 285.388885 29.192778 8.046776 296 266 107 29 3 16 331.791687 285.944458 14 343.242432 287.242432 6 336.666687 287.000000
228 16 57 137 72 2 0 0 0 354.250000 288.472229 25.825546 5.287273 304 277 58 16 3 12 343.020813 287.208313 13 332.044434 286.088867 4 336.666687 287.000000
232 20 58 135 73 2 0 0 0 321.979187 285.791687 23.433601 5.000000 328 283 51 10 2 4 332.500000 286.500000 5 342.333313 285.666687
