Frame_Number Initial_Part Normalization Background_Subtraction Average_Background_Update Thresholding BLOB_Detection BLOB_Classification Projection_Prediction Projected_X Projected_Y Uncertainty_X Uncertainty_Y ROI_X ROI_Y ROI_W ROI_H Number_Of_BLOBs BLOB_Area_1 Centroid_X_1 Centroid_Y_1 BLOB_Area_2 Centroid_X_2 Centroid_Y_2 BLOB_Area_3 Centroid_X_3 Centroid_Y_3
255 261 56 135 73 2 0 0 0 120.000000 110.000000 50.000000 50.000000 302 265 103 27 0
259 15 57 136 73 2 0 0 0 120.000000 110.000000 50.000000 50.000000 302 265 103 27 0
263 32 57 135 74 2 0 0 0 120.000000 110.000000 50.000000 50.000000 302 265 103 27 0
267 19 57 136 72 2 0 0 0 120.000000 110.000000 50.000000 50.000000 302 265 103 27 0
271 17 57 137 73 2 0 0 0 120.000000 110.000000 50.000000 50.000000 302 265 103 27 0
275 16 56 137 72 2 1 0 0 120.000000 110.000000 50.000000 50.000000 302 265 103 27 0
279 19 58 135 73 2 0 0 0 171.316666 329.549988 50.000000 50.000000 302 265 103 27 1 12 353.316650 484.549988
283 18 57 136 72 2 0 0 0 239.289398 303.581299 67.972733 37.984344 120 110 375 285 2 15 205.303040 316.565674 4 432.500000 272.500000
287 24 57 137 72 2 0 0 0 271.759460 294.205200 67.214584 30.172409 171 265 135 75 1 16 238.531250 305.385437
291 20 57 137 73 2 0 0 0 292.468750 287.614563 60.576042 23.971626 204 264 134 60 1 16 265.500000 296.500000
295 16 57 135 73 2 0 0 0 301.779297 286.220734 48.427670 17.125446 231 263 121 47 1 13 283.639648 291.360352
299 21 57 135 72 2 0 0 0 301.243225 286.549561 33.015625 10.968134 253 269 96 34 1 15 292.441437 288.954956
303 20 57 136 71 2 0 0 0 296.837830 287.765778 18.706009 6.078656 268 275 66 21 1 13 294.639648 288.360352
