Frame_Number Initial_Part Normalization Background_Subtraction Average_Background_Update Thresholding BLOB_Detection BLOB_Classification Projection_Prediction Projected_X Projected_Y Uncertainty_X Uncertainty_Y ROI_X ROI_Y ROI_W ROI_H Number_Of_BLOBs BLOB_Area_1 Centroid_X_1 Centroid_Y_1 BLOB_Area_2 Centroid_X_2 Centroid_Y_2 BLOB_Area_3 Centroid_X_3 Centroid_Y_3
390 274 57 135 74 2 0 0 0 120.000000 110.000000 50.000000 50.000000 304 302 10 10 0
394 16 57 136 72 2 1 0 0 120.000000 110.000000 50.000000 50.000000 304 302 10 10 0
398 36 56 137 72 2 1 0 0 120.000000 110.000000 50.000000 50.000000 304 302 10 10 0
402 17 56 137 73 2 1 0 0 120.000000 110.000000 50.000000 50.000000 304 302 10 10 0
406 15 57 135 73 2 0 0 0 120.000000 110.000000 50.000000 50.000000 304 302 10 10 0
410 19 57 136 73 2 0 0 0 120.000000 110.000000 50.000000 50.000000 304 302 10 10 0
414 16 58 136 73 2 1 0 0 120.000000 110.000000 50.000000 50.000000 304 302 10 10 0
418 15 57 137 73 2 1 0 0 120.000000 110.000000 50.000000 50.000000 304 302 10 10 0
422 19 57 136 73 2 0 0 0 120.000000 110.000000 50.000000 50.000000 304 302 10 10 0
426 16 57 136 72 2 0 0 0 138.500000 344.000000 50.000000 50.000000 304 302 10 10 1 8 322.500000 536.000000
430 16 58 137 72 3 0 0 0 172.637253 330.862732 42.068626 31.568634 120 110 375 285 1 11 155.568634 337.431366
434 20 57 136 72 3 0 0 0 175.431366 329.568634 30.965687 19.715683 130 299 84 63 1 12 165.500000 333.500000
438 15 58 136 73 2 0 0 0 184.644928 325.398560 25.055307 13.908562 144 309 61 39 1 13 175.072464 329.449280
442 16 57 134 82 1 1 0 0 213.697906 315.972931 38.625443 13.692455 159 311 50 27 1 17 194.385193 322.711121
446 20 57 137 72 2 0 0 0 213.592590 316.422241 28.916428 9.990667 175 302 77 27 1 16 203.988892 319.566650
450 19 56 141 72 1 1 0 0 223.183517 312.870117 24.055527 8.343616 184 306 57 19 1 15 213.586212 316.218384
454 15 57 134 72 2 0 0 0 251.844696 302.675934 38.258484 13.542450 199 304 48 16 1 17 232.715454 309.447144
458 19 57 136 71 2 0 0 0 252.196106 303.464417 28.869576 9.762604 213 289 76 27 1 19 242.455780 306.455780
462 16 56 135 73 2 0 0 0 261.572601 300.934296 23.993198 7.642044 223 293 57 19 1 17 252.014191 303.695038
466 15 57 135 73 2 0 0 0 287.722260 292.816589 35.708069 10.878448 237 293 47 15 1 17 269.868225 298.255798
470 18 57 135 73 2 0 0 0 287.052979 292.822998 26.446411 8.155640 252 281 71 21 1 17 278.460602 295.539398
474 15 57 137 72 2 0 0 0 294.539398 291.460602 21.262604 6.117218 260 284 52 16 1 18 286.500000 293.500000
478 15 56 136 72 2 0 0 0 314.729614 287.077789 28.229614 6.422211 273 285 42 12 1 17 300.614807 290.288879
482 18 57 135 73 2 0 0 0 315.222595 285.922485 21.418701 5.394302 286 280 56 12 1 17 307.918701 288.105713
486 15 58 135 73 2 0 0 0 320.360870 284.388916 16.930435 5.000000 293 280 42 10 1 15 314.139771 286.247314
490 17 56 136 73 2 0 0 0 334.428101 282.752686 20.288330 5.000000 303 279 33 10 1 20 324.283936 284.500000
494 19 56 137 72 2 0 0 0 332.847351 281.964661 14.425873 5.000000 314 277 40 10 1 15 328.565674 283.232330
498 18 56 135 74 1 1 0 0 336.841736 281.063965 11.350983 5.000000 318 276 28 10 1 16 332.703705 282.148132
502 15 56 137 73 2 0 0 0 344.185181 281.766357 11.481476 5.000000 325 276 22 10 1 17 338.444458 281.957275
506 19 57 136 73 2 0 0 0 342.555542 281.867310 7.796295 5.000000 332 276 22 10 1 16 340.500000 281.912292
510 14 56 136 73 2 0 0 0 344.373566 282.271606 5.834930 5.000000 334 276 15 10 1 13 342.436768 282.091949
514 16 57 136 72 2 0 0 0 346.256531 283.214722 5.000000 5.000000 338 277 11 10 1 15 344.346680 282.653320
518 18 57 136 74 2 0 0 0 345.350281 282.679993 5.000000 5.000000 341 278 10 10 1 9 344.848480 282.666687
522 19 56 136 74 2 0 0 0 120.000000 110.000000 50.000000 50.000000 341 278 10 10 0
526 15 56 136 74 2 0 0 0 120.000000 110.000000 50.000000 50.000000 341 278 10 10 0
530 19 56 136 72 2 0 0 0 120.000000 110.000000 50.000000 50.000000 341 278 10 10 0
534 16 57 135 72 2 0 0 0 120.000000 110.000000 50.000000 50.000000 341 278 10 10 0
