Frame_Number Initial_Part Normalization Background_Subtraction Average_Background_Update Thresholding BLOB_Detection BLOB_Classification Projection_Prediction Projected_X Projected_Y Uncertainty_X Uncertainty_Y ROI_X ROI_Y ROI_W ROI_H Number_Of_BLOBs BLOB_Area_1 Centroid_X_1 Centroid_Y_1 BLOB_Area_2 Centroid_X_2 Centroid_Y_2 BLOB_Area_3 Centroid_X_3 Centroid_Y_3
105 258 56 134 72 2 0 0 0 120.000000 110.000000 50.000000 50.000000 268 275 66 21 0
109 19 60 136 73 2 0 0 0 120.000000 110.000000 50.000000 50.000000 268 275 66 21 0
113 15 58 134 72 2 0 0 0 120.000000 110.000000 50.000000 50.000000 268 275 66 21 0
117 37 56 135 74 2 0 0 0 120.000000 110.000000 50.000000 50.000000 268 275 66 21 0
121 19 56 133 73 1 1 0 0 120.000000 110.000000 50.000000 50.000000 268 275 66 21 0
125 16 57 136 71 2 1 0 0 120.000000 110.000000 50.000000 50.000000 268 275 66 21 0
129 16 56 135 72 3 0 0 0 186.014191 326.262390 50.000000 50.000000 268 275 66 21 1 19 334.014191 491.262390
133 19 57 136 72 2 1 0 0 263.271545 301.404236 77.257355 37.429077 120 110 375 285 1 16 224.642853 313.833313
137 26 57 134 74 2 0 0 0 301.404083 292.176086 77.009285 29.543167 186 263 154 74 1 21 263.023468 303.004700
141 18 57 134 71 2 0 0 0 324.504303 288.282349 69.245056 22.132759 224 262 154 59 1 20 293.763885 295.643524
145 20 57 136 72 2 0 0 0 340.709534 285.931366 58.095352 15.922459 255 266 138 44 1 21 317.236694 290.787445
149 16 58 135 72 2 0 0 0 346.686768 285.026764 43.772713 10.841570 282 270 116 31 1 19 331.961731 287.907104
153 19 57 135 73 2 0 0 0 344.775818 284.873047 28.293400 6.937814 302 274 87 21 1 19 338.368774 286.390076
