Frame_Number Initial_Part Normalization Background_Subtraction Average_Background_Update Thresholding BLOB_Detection BLOB_Classification Projection_Prediction Projected_X Projected_Y Uncertainty_X Uncertainty_Y ROI_X ROI_Y ROI_W ROI_H Number_Of_BLOBs BLOB_Area_1 Centroid_X_1 Centroid_Y_1 BLOB_Area_2 Centroid_X_2 Centroid_Y_2 BLOB_Area_3 Centroid_X_3 Centroid_Y_3
35 271 57 136 73 2 1 0 0 120.000000 110.000000 50.000000 50.000000 343 258 10 10 0
39 19 59 137 72 2 0 0 0 120.000000 110.000000 50.000000 50.000000 343 258 10 10 0
43 43 56 136 72 2 1 0 0 120.000000 110.000000 50.000000 50.000000 343 258 10 10 0
47 15 57 135 72 2 0 0 0 120.000000 110.000000 50.000000 50.000000 343 258 10 10 0
51 20 57 136 73 2 1 0 0 120.000000 110.000000 50.000000 50.000000 343 258 10 10 0
55 16 56 137 73 2 1 0 0 138.500000 344.000000 50.000000 50.000000 343 258 10 10 1 4 361.500000 492.000000
59 15 57 135 74 2 1 0 0 208.706360 315.555542 70.206352 39.222229 120 110 375 285 1 13 173.603180 329.777771
63 19 57 138 73 2 0 0 0 252.742493 303.382721 79.139320 32.808640 138 276 140 78 1 13 213.172836 316.580261
67 20 58 136 74 2 0 0 0 292.925537 291.070007 79.752686 29.159431 173 270 158 65 1 19 253.049179 303.825134
71 22 59 135 74 2 0 0 0 323.791809 284.349243 75.247665 24.317661 213 261 159 58 1 19 288.420502 294.087189
75 26 57 135 75 2 0 0 0 343.135040 278.579468 64.981102 19.912691 248 260 150 48 1 18 315.777771 286.333313
79 17 58 136 74 2 0 0 0 354.086182 278.877563 51.644756 13.684236 278 258 129 39 1 17 334.931976 282.605438
83 16 58 137 72 2 0 0 0 356.664917 282.216278 36.688850 7.036698 302 265 103 27 1 17 345.798462 282.410858
