Frame_Number Initial_Part Normalization Background_Subtraction Average_Background_Update Thresholding BLOB_Detection BLOB_Classification Projection_Prediction Projected_X Projected_Y Uncertainty_X Uncertainty_Y ROI_X ROI_Y ROI_W ROI_H Number_Of_BLOBs BLOB_Area_1 Centroid_X_1 Centroid_Y_1 BLOB_Area_2 Centroid_X_2 Centroid_Y_2 BLOB_Area_3 Centroid_X_3 Centroid_Y_3
930 281 60 135 72 2 1 0 0 120.000000 110.000000 50.000000 50.000000 341 278 10 10 0
934 33 57 134 73 2 1 0 0 120.000000 110.000000 50.000000 50.000000 341 278 10 10 0
938 19 57 134 73 2 0 0 0 120.000000 110.000000 50.000000 50.000000 341 278 10 10 0
942 19 57 136 72 2 1 0 0 120.000000 110.000000 50.000000 50.000000 341 278 10 10 0
946 17 57 136 72 2 1 0 0 120.000000 110.000000 50.000000 50.000000 341 278 10 10 0
950 19 57 136 74 2 0 0 0 120.000000 110.000000 50.000000 50.000000 341 278 10 10 0
954 23 58 135 74 2 0 0 0 120.000000 110.000000 50.000000 50.000000 341 278 10 10 0
958 16 57 136 73 2 1 0 0 120.000000 110.000000 50.000000 50.000000 341 278 10 10 0
962 19 57 135 73 3 0 0 0 120.000000 110.000000 50.000000 50.000000 341 278 10 10 0
966 18 56 135 72 2 1 0 0 138.500000 344.000000 50.000000 50.000000 341 278 10 10 1 6 359.500000 512.000000
970 16 57 136 73 2 0 0 0 120.000000 110.000000 50.000000 50.000000 341 278 10 10 0
974 20 57 138 72 2 0 0 0 169.121216 331.121216 50.000000 50.000000 341 278 10 10 1 11 390.121216 499.121216
978 15 58 136 72 2 1 0 0 189.878784 323.878784 35.378788 28.621216 120 110 375 285 1 12 179.500000 327.500000
982 16 58 135 73 1 1 0 0 215.500000 311.500000 36.000000 22.310608 154 295 70 57 1 12 197.500000 319.500000
986 18 58 137 75 1 0 0 0 120.000000 110.000000 50.000000 50.000000 154 295 70 57 0
990 18 57 136 74 2 3 0 0 426.134064 130.126816 50.000000 50.000000 154 295 70 57 9 36 460.134064 315.126831 32 517.412720 399.865082 38 502.725006 384.183350 33 461.711700 328.882874 20 448.700012 297.899994 18 509.500000 327.000000 18 509.500000 323.000000 29 482.888885 428.444458 12 251.500000 496.500000
994 16 57 136 73 2 1 0 0 547.267456 338.994385 121.133362 208.867584 120 110 375 285 8 80 486.700745 234.560608 33 466.846161 242.820511 11 237.787872 304.393921 7 488.904755 269.190491 8 485.500000 276.500000 11 429.555542 128.333328 4 483.500000 286.500000 10 135.000000 221.500000
998 19 57 136 72 2 1 0 0 496.061157 242.629883 65.246887 108.468430 426 130 242 417 5 40 491.380951 238.595245 13 483.051270 236.358978 5 489.444458 228.222229 8 485.500000 276.000000 7 488.333344 269.666687
1002 15 57 135 74 1 1 0 0 492.915314 236.886230 33.390625 55.088722 430 134 130 216 4 23 492.148132 237.740738 10 482.750000 237.333344 4 485.500000 276.000000 3 489.333344 228.666656
1006 15 57 135 74 2 0 0 0 492.994751 239.878311 17.118622 28.613148 459 181 66 110 2 15 492.571442 238.809525 4 485.500000 276.000000
1010 19 57 136 73 2 0 0 0 120.000000 110.000000 50.000000 50.000000 459 181 66 110 0
1014 15 57 139 73 2 1 0 0 290.468750 285.385437 50.000000 50.000000 459 181 66 110 1 16 629.468750 356.385437
1018 21 57 136 74 2 1 0 0 318.531250 273.614563 39.031250 30.885422 120 110 375 285 1 16 304.500000 279.500000
1022 18 58 138 73 3 0 0 0 317.740723 273.500000 26.135986 18.442711 279 242 78 61 1 18 311.120361 276.500000
1026 16 57 138 73 2 0 0 0 323.095856 272.346863 19.055740 11.297924 291 255 52 36 1 17 317.108093 274.423431
1030 15 57 135 73 2 0 0 0 335.891907 265.618225 18.919762 10.051565 304 261 38 22 1 14 326.500000 270.020813
1034 20 57 136 74 3 0 0 0 336.137695 267.950195 14.278728 6.061107 316 255 37 20 1 15 331.318848 268.985504
1038 15 57 137 73 2 0 0 0 339.681152 266.014496 11.320517 5.000000 321 261 28 12 1 12 335.500000 267.500000
1042 16 58 138 72 2 0 0 0 346.366669 261.200012 11.093593 6.299988 328 261 22 10 1 18 340.933350 264.350006
1046 19 57 136 74 1 0 1 0 347.617371 260.577545 8.888823 5.036224 335 254 22 12 1 15 344.275360 262.463776
1050 15 57 135 73 2 0 0 0 346.724640 262.536224 5.669051 5.000000 338 255 17 10 1 8 345.500000 262.500000
1054 16 57 134 72 2 1 0 0 349.672424 263.063232 5.000000 5.000000 341 257 11 10 1 15 347.586212 262.781616
1058 19 56 135 72 2 0 0 0 348.171356 263.460815 5.000000 5.000000 344 258 10 10 1 11 347.878784 263.121216
1062 15 56 135 73 2 0 0 0 349.121216 261.878784 5.000000 5.000000 343 258 10 10 1 4 348.500000 262.500000
1066 16 58 135 73 2 0 0 0 120.000000 110.000000 50.000000 50.000000 343 258 10 10 0
1070 18 57 136 72 2 0 1 0 120.000000 110.000000 50.000000 50.000000 343 258 10 10 0
1074 17 56 135 73 2 0 0 0 120.000000 110.000000 50.000000 50.000000 343 258 10 10 0
1078 18 57 135 72 2 1 0 0 120.000000 110.000000 50.000000 50.000000 343 258 10 10 0
1082 20 57 135 73 2 1 0 0 120.000000 110.000000 50.000000 50.000000 343 258 10 10 0
1086 15 56 135 73 2 0 0 0 120.000000 110.000000 50.000000 50.000000 343 258 10 10 0
1090 16 56 134 75 2 1 0 0 120.000000 110.000000 50.000000 50.000000 343 258 10 10 0
