Frame_Number Initial_Part Normalization Background_Subtraction Average_Background_Update Thresholding BLOB_Detection BLOB_Classification Projection_Prediction Projected_X Projected_Y Uncertainty_X Uncertainty_Y ROI_X ROI_Y ROI_W ROI_H Number_Of_BLOBs BLOB_Area_1 Centroid_X_1 Centroid_Y_1 BLOB_Area_2 Centroid_X_2 Centroid_Y_2 BLOB_Area_3 Centroid_X_3 Centroid_Y_3
270 268 57 135 74 2 1 0 0 120.000000 110.000000 50.000000 50.000000 357 264 13 10 0
274 16 57 136 73 3 0 0 0 120.000000 110.000000 50.000000 50.000000 357 264 13 10 0
278 39 57 138 73 3 0 0 0 120.000000 110.000000 50.000000 50.000000 357 264 13 10 0
282 15 57 135 73 2 0 0 0 120.000000 110.000000 50.000000 50.000000 357 264 13 10 0
286 16 56 135 74 2 0 1 0 120.000000 110.000000 50.000000 50.000000 357 264 13 10 0
290 19 57 137 73 2 0 0 0 120.000000 110.000000 50.000000 50.000000 357 264 13 10 0
294 15 58 135 73 2 0 0 0 120.000000 110.000000 50.000000 50.000000 357 264 13 10 0
298 15 57 136 73 2 1 0 0 120.000000 110.000000 50.000000 50.000000 357 264 13 10 0
302 19 57 137 73 2 1 0 0 120.000000 110.000000 50.000000 50.000000 357 264 13 10 0
306 19 57 136 72 2 1 0 0 120.000000 110.000000 50.000000 50.000000 357 264 13 10 0
310 15 58 136 73 2 1 0 0 120.000000 110.000000 50.000000 50.000000 357 264 13 10 0
314 18 58 134 74 2 1 0 0 161.733337 332.000000 50.000000 50.000000 357 264 13 10 1 8 398.733337 486.000000
318 16 57 137 73 2 1 0 0 181.129410 326.862732 34.698040 27.568634 120 110 375 285 1 11 171.431366 329.431366
322 26 59 136 73 3 0 0 0 206.974426 314.075897 35.543045 21.462051 146 299 69 55 1 13 189.202896 321.753632
326 19 56 136 74 2 0 1 0 205.822739 314.759186 26.081444 14.228249 171 292 71 42 1 9 197.512817 318.256409
330 14 57 137 73 2 0 0 0 120.000000 110.000000 50.000000 50.000000 171 292 71 42 0
334 20 57 139 73 2 0 1 0 220.000000 304.347229 50.000000 50.000000 171 292 71 42 1 12 271.000000 486.347229
338 19 58 134 73 2 1 0 0 232.900894 295.652771 31.450447 29.347229 120 110 375 285 1 15 226.450439 300.000000
342 16 56 134 74 2 0 0 0 241.327332 292.000000 23.163662 18.673615 201 266 62 58 1 14 233.888885 296.000000
346 15 57 136 73 2 1 0 0 258.444458 283.686279 24.555557 15.493668 218 273 46 37 1 16 246.166656 289.843140
350 19 57 135 72 2 0 0 0 256.533356 283.156860 17.461121 11.089973 233 268 49 30 1 18 251.350006 286.500000
354 15 56 136 74 2 0 0 0 261.965790 281.640350 14.038452 7.974812 239 272 34 22 1 16 256.657898 284.070190
358 18 56 144 73 2 0 1 0 273.846619 276.488403 17.188721 7.778299 247 273 28 15 1 15 265.252258 280.279297
362 22 57 135 73 2 0 0 0 273.200134 277.577881 12.568298 5.239858 256 268 34 15 1 14 269.226196 278.928589
366 15 58 136 73 2 0 1 0 276.888733 276.956482 10.115417 5.000000 260 272 25 10 1 13 273.057465 277.942535
370 15 57 135 74 3 0 0 0 283.082886 274.741669 10.070419 5.000000 266 271 20 10 1 16 278.070190 276.342102
374 19 58 136 73 2 0 0 0 282.596497 275.775543 7.298363 5.000000 273 269 20 10 1 13 280.333313 276.058838
378 20 56 135 72 2 0 0 0 285.400024 276.941162 6.182522 5.000000 275 270 14 10 1 8 282.866669 276.500000
382 16 57 133 73 2 0 0 0 286.345459 278.287872 5.000000 5.000000 279 271 12 10 1 9 284.606079 277.393921
386 19 56 136 73 2 0 0 0 120.000000 110.000000 50.000000 50.000000 279 271 12 10 0
390 15 58 136 74 2 1 0 0 120.000000 110.000000 50.000000 50.000000 279 271 12 10 0
394 18 57 136 73 2 0 0 0 120.000000 110.000000 50.000000 50.000000 279 271 12 10 0
398 19 56 136 73 2 1 0 0 120.000000 110.000000 50.000000 50.000000 279 271 12 10 0
