Frame_Number Initial_Part Normalization Background_Subtraction Average_Background_Update Thresholding BLOB_Detection BLOB_Classification Projection_Prediction Projected_X Projected_Y Uncertainty_X Uncertainty_Y ROI_X ROI_Y ROI_W ROI_H Number_Of_BLOBs BLOB_Area_1 Centroid_X_1 Centroid_Y_1 BLOB_Area_2 Centroid_X_2 Centroid_Y_2 BLOB_Area_3 Centroid_X_3 Centroid_Y_3
84 16 58 136 73 3 0 0 0 120.000000 110.000000 50.000000 50.000000 120 110 375 285 0
88 43 56 139 74 2 1 0 0 120.000000 110.000000 50.000000 50.000000 120 110 375 285 0
92 16 57 136 74 2 0 0 0 120.000000 110.000000 50.000000 50.000000 120 110 375 285 0
96 20 57 136 72 3 0 0 0 120.000000 110.000000 50.000000 50.000000 120 110 375 285 0
100 19 57 136 72 2 1 0 0 120.000000 110.000000 50.000000 50.000000 120 110 375 285 0
104 15 58 136 73 2 1 0 0 120.000000 110.000000 50.000000 50.000000 120 110 375 285 0
108 15 57 136 73 3 0 0 0 120.000000 110.000000 50.000000 50.000000 120 110 375 285 0
112 18 57 135 74 2 1 0 0 120.000000 110.000000 50.000000 50.000000 120 110 375 285 0
116 15 57 137 73 2 1 0 0 120.000000 110.000000 50.000000 50.000000 120 110 375 285 0
120 15 57 136 73 2 1 0 0 138.500000 344.000000 50.000000 50.000000 120 110 375 285 1 12 138.500000 344.000000
124 20 59 136 73 2 1 0 0 184.023804 326.523804 47.761906 33.738098 120 110 375 285 1 10 161.261902 335.261902
128 15 58 137 73 2 0 0 0 182.104767 327.638092 34.302383 20.680954 136 292 95 67 1 12 171.683334 331.450012
132 15 57 135 73 2 0 0 0 192.229706 323.564514 27.424377 14.283226 147 306 68 41 1 13 181.956512 327.507263
136 20 57 134 72 2 0 1 0 223.852997 310.302246 41.896484 17.204987 164 309 54 28 1 7 202.904755 318.904755
140 16 57 134 75 2 0 0 0 224.650787 311.984131 31.821259 12.062805 181 293 83 34 1 5 213.777771 315.444458
144 15 59 136 72 3 0 0 0 235.284729 307.326416 26.664101 10.090424 192 299 63 24 1 16 224.531250 311.385437
148 19 57 136 72 3 0 0 0 266.632385 297.208496 42.101135 14.176910 208 297 53 20 1 19 245.581818 304.296967
152 15 58 135 73 2 0 0 0 266.617004 295.972046 31.568161 11.250916 224 283 84 28 1 19 256.099426 300.134521
156 15 58 134 73 3 0 0 0 276.659180 293.026428 26.063972 9.179504 235 284 63 22 1 20 266.379303 296.580444
160 20 57 135 73 2 0 0 0 304.494263 283.856323 38.114960 12.724152 250 283 52 18 1 20 285.436768 290.218384
164 16 57 137 73 3 0 0 0 304.463196 283.814941 28.570694 9.563797 266 271 76 25 1 20 294.950012 287.016663
168 15 58 139 74 2 0 0 0 311.790771 281.819305 22.705727 7.380577 275 274 57 19 1 19 303.370361 284.417969
172 18 58 137 73 2 0 0 0 333.629639 274.962952 30.259247 9.455017 289 274 45 14 1 16 318.500000 279.690491
176 15 57 139 74 2 0 0 0 332.789856 276.918213 22.274551 6.113632 303 265 60 18 1 18 325.644928 278.304352
180 16 69 136 74 2 0 0 0 337.951965 274.331299 17.290794 5.043343 310 270 44 12 1 17 331.798462 276.317810
184 19 58 137 74 2 0 0 0 353.034912 271.330322 21.236450 5.015415 320 269 34 10 1 16 342.416687 273.824097
188 16 58 141 75 2 0 0 0 351.929016 270.447510 15.374390 5.000000 331 266 42 10 1 13 347.172852 272.135803
192 15 57 135 74 2 0 0 0 355.319946 270.269989 11.760742 5.000000 336 265 30 10 1 13 351.246399 271.202881
196 19 56 137 73 3 0 0 0 362.728943 268.451416 11.621643 5.000000 343 265 23 10 1 13 356.987671 269.827148
200 16 57 136 74 2 0 0 0 362.012329 269.172852 8.323166 5.000000 351 263 23 10 1 12 359.500000 269.500000
204 15 57 137 74 2 0 0 0 364.378784 269.287872 6.600975 5.000000 353 264 16 10 1 9 361.939392 269.393921
208 19 58 135 73 2 0 1 0 364.793945 270.472717 5.000000 5.000000 357 264 13 10 1 8 363.366669 269.933350
212 15 58 137 73 2 0 0 0 120.000000 110.000000 50.000000 50.000000 357 264 13 10 0
216 15 56 136 75 2 0 0 0 120.000000 110.000000 50.000000 50.000000 357 264 13 10 0
220 19 57 136 72 3 0 0 0 120.000000 110.000000 50.000000 50.000000 357 264 13 10 0
224 20 57 135 73 2 1 0 0 120.000000 110.000000 50.000000 50.000000 357 264 13 10 0
228 16 57 135 73 2 0 0 0 120.000000 110.000000 50.000000 50.000000 357 264 13 10 0
232 18 57 136 73 3 0 0 0 120.000000 110.000000 50.000000 50.000000 357 264 13 10 0
