Frame_Number Initial_Part Normalization Background_Subtraction Average_Background_Update Thresholding BLOB_Detection BLOB_Classification Projection_Prediction Projected_X Projected_Y Uncertainty_X Uncertainty_Y ROI_X ROI_Y ROI_W ROI_H Number_Of_BLOBs BLOB_Area_1 Centroid_X_1 Centroid_Y_1 BLOB_Area_2 Centroid_X_2 Centroid_Y_2 BLOB_Area_3 Centroid_X_3 Centroid_Y_3
450 265 57 136 72 2 1 0 0 120.000000 110.000000 50.000000 50.000000 279 271 12 10 0
454 45 57 135 74 2 0 0 0 120.000000 110.000000 50.000000 50.000000 279 271 12 10 0
458 19 58 137 73 2 1 0 0 120.000000 110.000000 50.000000 50.000000 279 271 12 10 0
462 16 57 135 73 2 0 0 1 120.000000 110.000000 50.000000 50.000000 279 271 12 10 0
466 15 56 136 73 3 0 0 0 120.000000 110.000000 50.000000 50.000000 279 271 12 10 0
470 19 56 136 74 2 0 0 0 120.000000 110.000000 50.000000 50.000000 279 271 12 10 0
474 15 57 137 73 2 0 0 0 120.000000 110.000000 50.000000 50.000000 279 271 12 10 0
478 15 56 135 73 3 0 0 0 120.000000 110.000000 50.000000 50.000000 279 271 12 10 0
482 19 58 136 73 3 0 0 0 138.500000 344.000000 50.000000 50.000000 279 271 12 10 1 8 297.500000 505.000000
486 16 57 136 73 2 1 0 0 120.000000 110.000000 50.000000 50.000000 279 271 12 10 0
490 15 57 135 74 3 0 0 0 165.500000 333.500000 50.000000 50.000000 279 271 12 10 1 12 324.500000 494.500000
494 19 57 137 72 3 0 0 0 183.500000 326.801575 34.000000 28.349213 120 110 375 285 1 16 174.500000 330.150787
498 15 57 136 72 2 1 0 0 194.500000 324.089966 27.000000 17.205017 149 298 68 56 1 18 184.500000 327.120361
502 21 57 136 72 2 1 0 0 224.725220 313.330078 40.225220 15.497665 167 306 54 34 1 15 204.612610 320.225220
506 19 57 135 73 2 0 0 0 224.387390 314.774780 30.000000 10.474052 184 297 80 30 1 16 214.500000 317.500000
510 15 57 134 72 2 0 0 0 235.763153 310.166656 25.631577 8.903698 194 304 60 20 1 16 225.131577 313.833313
514 15 57 137 73 2 0 0 0 264.135071 303.166687 39.003510 10.666656 210 301 51 17 1 22 244.633331 308.500000
518 20 57 135 74 2 0 0 0 264.366669 303.316101 29.368423 7.925278 225 292 78 21 1 20 254.500000 305.908051
522 15 57 136 74 2 0 0 0 273.011749 300.073181 23.940086 6.880074 234 295 58 15 1 23 263.755859 302.990601
526 15 57 137 73 3 0 0 0 300.587891 294.196899 36.832001 8.793732 249 293 47 13 1 22 282.171875 298.593750
530 19 57 135 73 2 0 0 0 298.924896 295.008392 26.792511 6.189545 263 285 73 17 1 20 290.548401 296.801086
534 15 57 137 73 2 0 0 0 306.184937 292.198914 21.214539 5.395844 272 288 53 12 1 22 298.366669 294.500000
538 17 57 136 73 3 0 0 0 325.306061 289.281830 26.939392 5.307007 284 286 42 10 1 19 311.836365 291.890930
542 19 57 136 74 2 0 0 0 324.980835 287.184326 20.041931 5.006790 298 283 53 10 1 17 318.408600 289.537628
546 16 58 135 73 2 1 0 0 329.443268 287.092010 15.538300 5.000000 304 282 40 10 1 16 323.925934 288.314819
550 15 57 137 72 2 0 0 0 341.769714 286.728668 17.843781 5.000000 313 282 31 10 1 18 332.847839 287.521729
554 18 58 137 72 3 0 0 0 342.152161 285.478271 13.574066 5.000000 323 281 35 10 1 16 337.500000 286.500000
558 15 58 135 73 3 0 0 0 343.700012 285.299988 9.887039 5.000000 328 280 27 10 1 14 340.600006 285.899994
562 49 57 136 73 2 0 0 0 349.852386 286.242859 9.569710 5.000000 333 280 19 10 1 14 345.226196 286.071411
566 19 57 135 73 2 0 0 0 349.407135 285.028564 6.875324 5.000000 340 281 19 10 1 12 347.316650 285.549988
570 15 57 137 73 2 0 0 0 351.838867 285.472229 5.698771 5.000000 342 280 13 10 1 11 349.577759 285.511108
574 15 59 136 73 2 0 0 0 351.533325 286.933350 5.000000 5.000000 346 280 11 10 1 7 350.555542 286.222229
578 19 57 136 73 2 0 0 0 120.000000 110.000000 50.000000 50.000000 346 280 11 10 0
582 41 59 136 74 2 0 0 0 120.000000 110.000000 50.000000 50.000000 346 280 11 10 0
