Frame_Number Initial_Part Normalization Background_Subtraction Average_Background_Update Thresholding BLOB_Detection BLOB_Classification Projection_Prediction Projected_X Projected_Y Uncertainty_X Uncertainty_Y ROI_X ROI_Y ROI_W ROI_H Number_Of_BLOBs BLOB_Area_1 Centroid_X_1 Centroid_Y_1 BLOB_Area_2 Centroid_X_2 Centroid_Y_2 BLOB_Area_3 Centroid_X_3 Centroid_Y_3
670 274 57 135 72 2 0 0 1 120.000000 110.000000 50.000000 50.000000 346 280 11 10 0
674 19 58 137 73 2 0 0 0 120.000000 110.000000 50.000000 50.000000 346 280 11 10 0
678 35 56 136 73 2 0 0 0 120.000000 110.000000 50.000000 50.000000 346 280 11 10 0
682 15 56 136 73 3 0 0 0 120.000000 110.000000 50.000000 50.000000 346 280 11 10 0
686 20 56 135 72 2 1 0 0 120.000000 110.000000 50.000000 50.000000 346 280 11 10 0
690 15 58 135 73 3 0 0 0 120.000000 110.000000 50.000000 50.000000 346 280 11 10 0
694 16 58 137 72 2 0 0 0 120.000000 110.000000 50.000000 50.000000 346 280 11 10 0
698 19 57 136 73 2 1 0 0 120.000000 110.000000 50.000000 50.000000 346 280 11 10 0
702 16 56 135 73 2 1 0 0 120.000000 110.000000 50.000000 50.000000 346 280 11 10 0
706 15 58 136 73 2 0 0 0 153.500000 336.500000 50.000000 50.000000 346 280 11 10 1 8 379.500000 506.500000
710 19 57 135 73 2 1 0 0 169.500000 332.500000 33.000000 27.000000 120 110 375 285 1 8 161.500000 334.500000
714 16 57 134 73 3 0 0 0 181.077774 328.211121 26.288887 16.644440 136 305 66 54 1 11 171.288879 331.355560
718 17 57 136 73 2 1 0 0 207.711121 315.644440 36.422226 16.177780 154 311 52 33 1 12 189.500000 323.500000
722 19 57 136 72 2 0 0 0 208.944443 319.293640 27.933334 10.192070 171 299 72 32 1 13 199.222229 321.396820
726 16 57 136 74 2 0 0 0 219.020203 314.360748 23.865662 8.614071 181 309 55 20 1 11 209.121216 317.878784
730 15 57 136 73 2 0 0 0 249.323227 305.327576 40.202011 12.551208 195 305 47 17 1 13 229.222229 311.603180
734 20 57 135 73 2 1 0 0 247.777771 304.156067 29.378784 9.999161 209 292 80 25 1 18 238.500000 307.879639
738 15 57 136 72 2 0 1 0 256.734558 304.330261 23.806679 6.774269 218 294 58 19 1 22 247.617279 306.104919
742 20 57 136 72 2 0 0 0 285.382721 294.895081 37.765427 11.209869 232 297 47 13 1 20 266.500000 300.500000
746 19 57 136 73 2 0 0 0 282.500000 294.500000 26.882713 8.604935 247 283 75 22 1 20 274.500000 297.500000
750 16 56 135 72 2 1 0 0 290.500000 293.500000 21.441357 6.302467 255 285 53 17 1 20 282.500000 295.500000
754 17 57 136 74 2 0 0 0 310.972229 286.611115 28.472229 8.888885 269 287 42 12 1 20 296.736115 291.055542
758 19 57 136 73 2 0 0 0 311.301971 287.706360 21.519043 6.119049 282 277 56 17 1 19 304.019043 289.380951
762 15 58 135 73 2 0 0 0 316.461578 287.099670 16.980789 5.000000 289 281 43 12 1 19 310.240295 288.240295
766 15 57 138 74 2 0 0 0 329.795715 282.786743 19.555420 5.453583 299 282 33 10 1 19 320.018005 285.513519
770 19 57 135 73 2 0 0 0 328.981995 281.486481 14.259689 5.000000 310 277 39 10 1 16 324.500000 283.500000
774 16 57 136 73 2 0 0 0 332.500000 282.500000 11.129845 5.000000 314 276 28 10 1 14 328.500000 283.000000
778 17 57 138 74 2 0 0 0 338.571442 282.309509 10.600643 5.000000 321 277 22 10 1 16 333.535706 282.654755
782 19 57 136 73 2 0 0 0 338.750000 283.402374 7.907454 5.000000 327 277 21 10 1 21 336.142853 283.028564
786 19 57 136 73 2 0 0 0 338.099579 283.213867 5.000000 5.000000 330 278 15 10 1 11 337.121216 283.121216
790 15 57 136 73 2 0 0 0 336.212128 283.878784 5.000000 5.000000 333 278 10 10 1 8 336.666687 283.500000
794 19 57 136 73 2 0 0 0 120.000000 110.000000 50.000000 50.000000 333 278 10 10 0
798 14 56 135 74 8 0 0 0 120.000000 110.000000 50.000000 50.000000 333 278 10 10 0
802 20 57 135 73 2 1 0 0 120.000000 110.000000 50.000000 50.000000 333 278 10 10 0
