Frame_Number Initial_Part Normalization Background_Subtraction Average_Background_Update Thresholding BLOB_Detection BLOB_Classification Projection_Prediction Projected_X Projected_Y Uncertainty_X Uncertainty_Y ROI_X ROI_Y ROI_W ROI_H Number_Of_BLOBs BLOB_Area_1 Centroid_X_1 Centroid_Y_1 BLOB_Area_2 Centroid_X_2 Centroid_Y_2 BLOB_Area_3 Centroid_X_3 Centroid_Y_3
340 269 57 134 73 2 1 0 0 120.000000 110.000000 50.000000 50.000000 120 110 375 285 0
344 16 56 136 73 2 1 0 0 120.000000 110.000000 50.000000 50.000000 120 110 375 285 0
348 35 57 135 72 2 1 0 0 120.000000 110.000000 50.000000 50.000000 120 110 375 285 0
352 21 57 139 73 2 0 0 0 120.000000 110.000000 50.000000 50.000000 120 110 375 285 0
356 17 60 142 74 2 0 0 0 122.500000 353.500000 50.000000 50.000000 120 110 375 285 1 8 122.500000 353.500000
360 25 57 138 73 3 0 0 1 121.233330 351.833344 25.633333 25.833328 120 110 375 285 1 9 121.866669 352.666687
364 23 57 137 72 2 1 0 0 134.861908 344.947632 19.314285 16.776192 120 326 51 51 2 54 128.364288 348.807129 3 126.666664 358.333313
368 16 56 136 73 2 0 0 0 145.473816 341.650024 18.211906 11.966663 120 328 38 33 2 26 136.919052 345.228577 32 126.361115 350.666687
372 15 57 136 72 2 0 0 0 169.461899 329.628571 32.542854 15.600006 127 329 36 23 2 10 153.190475 337.428589 13 137.111115 342.296295
376 19 57 136 72 2 0 0 0 185.261383 325.526978 32.306877 13.750793 136 314 65 31 1 22 169.225922 331.477783
380 15 58 136 72 2 0 0 0 189.774078 323.522217 26.427513 10.853180 152 311 64 27 1 20 179.500000 327.500000
384 15 58 134 73 2 0 0 0 198.783112 319.212341 22.855312 9.570419 163 312 52 21 1 21 189.141556 323.356171
388 20 56 136 73 2 0 0 0 230.287018 306.897797 41.145462 16.458374 175 309 45 19 1 22 209.714294 315.126984
392 24 57 137 72 2 0 0 0 229.736694 307.422028 30.583939 12.081665 189 290 82 32 1 25 219.725494 311.274506
396 19 57 136 73 2 0 0 0 239.590958 303.012421 25.224701 10.171875 199 295 61 24 1 23 229.658234 307.143463
400 21 57 136 74 2 0 0 0 271.033752 290.898743 41.375534 16.244720 214 292 50 20 1 23 250.345993 299.021118
404 19 58 135 72 2 0 0 0 269.804016 291.145569 30.416771 12.060135 229 274 82 32 1 26 260.075012 295.083313
408 15 58 135 72 2 0 0 0 279.131775 287.709900 24.736767 9.716774 239 279 60 24 1 23 269.603394 291.396606
412 20 57 136 72 2 0 0 0 305.628235 278.230469 36.024872 13.166138 254 277 49 19 1 21 287.615814 284.813538
416 18 57 134 73 2 0 0 0 304.295288 279.986450 26.352173 8.996628 269 265 72 26 1 22 295.955566 282.399994
420 15 57 136 72 2 0 0 0 311.007385 277.070892 20.702011 7.162865 277 270 52 17 1 21 303.481476 279.735443
424 20 57 136 73 2 0 0 0 330.037903 269.783936 26.556427 9.951508 290 269 41 14 1 19 316.759705 274.759705
428 23 57 134 72 2 0 0 0 328.835571 271.740295 19.316147 6.485443 303 259 53 19 1 14 322.797607 273.250000
432 15 56 135 72 2 0 0 0 336.100952 268.894928 16.309731 5.420258 309 265 38 12 1 13 329.449280 271.072449
436 19 57 135 74 2 0 0 0 347.354126 264.978821 17.904846 6.093658 319 263 32 10 1 17 338.401703 268.025635
440 15 57 136 73 1 0 0 0 347.563202 265.307709 13.533173 5.000000 329 258 35 12 1 11 342.982452 266.666687
444 16 57 138 72 2 0 0 0 349.557220 263.269836 10.053970 5.000000 334 260 27 10 2 13 346.269836 264.968262 3 340.666687 266.333313
448 23 57 136 73 1 1 0 0 355.685730 261.142853 9.734932 5.000000 339 258 20 10 1 16 350.977783 263.055542
452 16 57 136 73 2 0 1 0 356.779785 259.186890 7.768467 5.000000 345 256 19 10 1 11 353.878784 261.121216
456 19 56 135 73 2 0 0 0 120.000000 110.000000 50.000000 50.000000 345 256 19 10 0
460 18 57 136 73 2 1 0 0 120.000000 110.000000 50.000000 50.000000 345 256 19 10 0
464 16 57 135 73 2 0 0 0 120.000000 110.000000 50.000000 50.000000 345 256 19 10 0
468 16 57 135 73 2 0 0 0 120.000000 110.000000 50.000000 50.000000 345 256 19 10 0
472 21 56 136 73 2 0 0 0 120.000000 110.000000 50.000000 50.000000 345 256 19 10 0
476 24 58 135 73 2 1 0 0 120.000000 110.000000 50.000000 50.000000 345 256 19 10 0
480 15 59 135 73 2 0 0 0 120.000000 110.000000 50.000000 50.000000 345 256 19 10 0
484 20 56 136 72 2 0 0 0 120.000000 110.000000 50.000000 50.000000 345 256 19 10 0
