Frame_Number Initial_Part Normalization Background_Subtraction Average_Background_Update Thresholding BLOB_Detection BLOB_Classification Projection_Prediction Projected_X Projected_Y Uncertainty_X Uncertainty_Y ROI_X ROI_Y ROI_W ROI_H Number_Of_BLOBs BLOB_Area_1 Centroid_X_1 Centroid_Y_1 BLOB_Area_2 Centroid_X_2 Centroid_Y_2 BLOB_Area_3 Centroid_X_3 Centroid_Y_3
520 277 57 136 73 2 0 0 0 120.000000 110.000000 50.000000 50.000000 339 265 11 10 0
524 32 56 140 72 2 1 0 0 120.000000 110.000000 50.000000 50.000000 339 265 11 10 0
528 15 57 137 73 2 1 0 0 120.000000 110.000000 50.000000 50.000000 339 265 11 10 0
532 23 56 136 73 2 1 0 0 120.000000 110.000000 50.000000 50.000000 339 265 11 10 0
536 16 56 136 72 2 1 0 0 120.000000 110.000000 50.000000 50.000000 339 265 11 10 0
540 23 57 135 73 2 1 0 0 120.000000 110.000000 50.000000 50.000000 339 265 11 10 0
544 19 57 137 72 2 0 0 0 120.000000 110.000000 50.000000 50.000000 339 265 11 10 0
548 16 57 136 74 2 0 0 0 138.500000 344.000000 50.000000 50.000000 339 265 11 10 1 4 357.500000 499.000000
552 15 56 136 73 2 1 0 0 120.000000 110.000000 50.000000 50.000000 339 265 11 10 0
556 18 58 136 72 2 0 1 0 168.345245 331.535706 50.000000 50.000000 339 265 11 10 1 16 387.345245 486.535706
560 15 58 134 73 2 1 0 0 187.683746 323.826599 34.669254 28.854568 120 110 375 285 1 15 178.014496 327.681152
564 17 57 135 72 2 1 0 0 197.744766 321.318848 27.199766 17.608437 153 294 69 57 1 18 187.879639 324.500000
568 20 57 137 72 2 0 0 0 120.000000 110.000000 50.000000 50.000000 153 294 69 57 0
572 19 57 136 72 2 1 0 0 218.500000 311.500000 50.000000 50.000000 153 294 69 57 8 16 251.500000 495.500000 16 176.399994 429.066650 4 207.500000 552.500000 4 199.500000 454.500000 4 201.500000 438.500000 4 201.500000 434.500000 6 169.000000 430.666687 4 182.500000 422.500000
576 15 57 135 72 2 0 0 0 239.019379 304.980621 35.259689 28.259689 120 110 375 285 4 19 228.759689 308.240295 15 143.333328 245.190475 12 130.500000 327.000000 9 139.333328 347.333313
580 19 58 137 72 2 0 0 0 270.240295 293.557312 41.480621 21.471352 203 276 70 56 1 22 249.500000 300.898804
584 16 57 134 72 2 0 0 0 269.375000 293.590790 30.677811 14.389683 228 272 82 42 1 22 259.437500 297.244812
588 16 59 134 72 2 0 0 0 277.692444 290.574402 24.466377 10.530031 238 279 61 28 1 21 268.564972 293.909607
592 18 57 134 73 2 0 0 0 304.435028 281.090393 35.870056 12.819214 253 280 48 21 1 20 286.500000 287.500000
596 16 57 134 74 2 0 0 0 304.306458 280.145172 26.838257 10.087021 268 268 71 25 1 24 295.403229 283.822571
600 15 57 136 73 1 0 0 0 309.517975 277.971375 20.476501 7.969124 277 270 53 20 1 21 302.460602 280.896973
604 20 56 143 71 2 0 0 0 330.064209 269.074646 27.603607 11.822327 289 270 40 15 1 19 316.262390 274.985809
608 16 57 135 72 2 0 0 0 327.766602 271.651886 19.553894 7.578125 302 257 55 23 1 15 322.014496 273.318848
612 23 57 133 72 2 0 0 0 332.556946 266.728760 15.048172 7.084106 308 264 39 15 1 12 327.285706 270.023804
616 20 58 134 71 2 0 0 0 347.714294 260.976196 20.428558 9.047607 317 259 30 14 1 12 337.500000 265.500000
620 15 58 136 74 2 0 0 0 346.198914 259.833344 14.563736 7.357132 327 251 40 18 1 15 341.849457 262.666687
624 24 57 135 72 2 0 0 0 345.102936 263.142822 8.908607 5.000000 331 252 29 14 1 12 343.476196 262.904755
628 21 57 137 72 2 0 0 0 346.190460 265.295258 5.811436 5.000000 336 258 17 10 1 14 344.833313 264.100006
632 16 56 136 71 2 0 0 0 120.000000 110.000000 50.000000 50.000000 336 258 17 10 0
636 15 57 134 72 2 1 0 0 160.500000 350.500000 50.000000 50.000000 336 258 17 10 1 4 376.500000 498.500000
640 20 56 135 72 2 0 0 0 120.000000 110.000000 50.000000 50.000000 336 258 17 10 0
644 16 57 134 74 2 0 1 0 120.000000 110.000000 50.000000 50.000000 336 258 17 10 0
648 15 56 136 73 2 0 0 0 120.000000 110.000000 50.000000 50.000000 336 258 17 10 0
