Frame_Number Initial_Part Normalization Background_Subtraction Average_Background_Update Thresholding BLOB_Detection BLOB_Classification Projection_Prediction Projected_X Projected_Y Uncertainty_X Uncertainty_Y ROI_X ROI_Y ROI_W ROI_H Number_Of_BLOBs BLOB_Area_1 Centroid_X_1 Centroid_Y_1 BLOB_Area_2 Centroid_X_2 Centroid_Y_2 BLOB_Area_3 Centroid_X_3 Centroid_Y_3
90 275 57 136 73 2 0 0 0 120.000000 110.000000 50.000000 50.000000 336 258 17 10 0
94 31 57 150 73 2 0 0 0 120.000000 110.000000 50.000000 50.000000 336 258 17 10 0
98 19 57 135 74 2 0 0 0 120.000000 110.000000 50.000000 50.000000 336 258 17 10 0
102 16 56 134 71 2 1 0 0 120.000000 110.000000 50.000000 50.000000 336 258 17 10 0
106 16 57 133 72 2 0 0 0 120.000000 110.000000 50.000000 50.000000 336 258 17 10 0
110 19 56 134 74 2 0 0 0 120.000000 110.000000 50.000000 50.000000 336 258 17 10 0
114 15 56 136 72 2 0 0 0 122.500000 355.500000 50.000000 50.000000 336 258 17 10 1 8 338.500000 503.500000
118 15 57 135 74 2 0 0 0 124.644035 343.281891 26.072016 31.109055 120 110 375 285 1 31 123.572014 349.390930
122 18 58 136 72 2 0 1 0 141.341843 342.848755 21.920921 18.825630 120 312 52 62 3 29 132.456924 346.119843 3 121.333336 358.666687 3 138.666672 344.333313
126 15 59 137 73 2 0 0 0 141.098633 339.657928 15.281310 12.643772 120 324 43 37 1 13 136.777771 342.888885
130 16 57 135 72 2 0 0 0 139.666656 346.000000 9.085098 7.877443 125 327 30 25 1 5 138.222229 344.444458
134 21 57 133 73 2 0 0 0 138.444443 344.888916 5.000000 5.000000 130 338 18 15 1 3 138.333328 344.666687
138 20 56 135 73 2 0 0 0 138.333344 344.666687 5.000000 5.000000 133 339 10 10 1 3 138.333328 344.666687
142 16 56 137 72 2 0 0 0 120.000000 110.000000 50.000000 50.000000 133 339 10 10 0
146 19 57 136 72 2 0 0 0 219.645508 317.312164 50.000000 50.000000 133 339 10 10 2 21 232.645508 546.312134 14 134.866669 584.500000
150 15 57 134 72 3 0 0 0 241.619202 311.511353 35.986855 27.900406 120 110 375 285 2 22 230.632355 314.411743 7 122.444443 354.777771
154 16 57 134 72 2 0 0 0 274.438690 302.659302 43.806335 19.826439 205 283 71 55 1 19 252.535522 308.535522
158 21 56 136 72 2 0 0 0 274.495728 303.829071 32.883270 12.266445 230 282 87 39 1 20 263.515625 306.182312
162 19 56 136 72 2 0 0 0 285.886658 299.748718 27.627151 9.350004 241 291 65 24 1 20 274.701141 302.965515
166 18 56 134 72 2 0 0 0 313.209961 294.234497 38.508820 9.040511 258 290 55 18 1 22 293.955566 298.600006
170 20 56 135 73 2 0 0 0 313.390625 294.464081 28.971939 6.588218 274 285 77 18 1 18 303.673096 296.532043
174 16 57 142 72 2 0 0 0 320.535278 292.773499 22.917061 5.173382 284 287 57 13 1 16 312.104187 294.652771
178 21 56 136 71 2 0 0 0 343.880981 289.850922 31.776825 5.000000 297 287 45 10 1 17 327.992584 292.251831
182 19 57 135 72 2 0 0 0 342.162964 288.014832 22.973602 5.000000 312 284 63 10 1 16 335.077759 290.133331
186 15 57 135 73 2 0 0 0 348.922241 288.866669 18.409027 5.000000 319 283 45 10 1 14 342.000000 289.500000
190 16 58 137 72 2 0 0 0 364.717957 286.500000 22.717957 5.000000 330 283 36 10 1 14 353.358978 288.000000
194 19 57 134 72 2 0 0 0 364.641022 287.212128 17.000000 5.000000 342 281 45 10 1 12 359.000000 287.606079
198 16 57 136 72 2 0 0 0 368.000000 287.393921 13.000000 5.000000 347 282 34 10 1 12 363.500000 287.500000
202 16 57 135 73 2 0 0 0 374.658722 287.388885 12.079361 5.000000 355 282 26 10 1 11 369.079346 287.444458
206 20 57 135 72 2 0 0 0 377.253967 287.555542 10.126991 5.000000 362 282 24 10 1 8 373.166687 287.500000
210 15 57 136 73 1 1 0 0 375.500000 289.833344 6.230152 5.000000 367 282 20 10 1 7 374.333313 288.666687
214 15 57 134 74 2 0 0 0 380.250000 289.333313 6.073404 5.000000 369 284 12 10 1 8 377.291656 289.000000
218 20 56 136 72 2 0 0 0 120.000000 110.000000 50.000000 50.000000 369 284 12 10 0
222 15 56 136 77 2 0 0 0 120.000000 110.000000 50.000000 50.000000 369 284 12 10 0
226 15 57 137 71 2 1 0 0 120.000000 110.000000 50.000000 50.000000 369 284 12 10 0
230 19 56 136 72 2 1 0 0 120.000000 110.000000 50.000000 50.000000 369 284 12 10 0
234 15 57 134 73 2 0 0 0 120.000000 110.000000 50.000000 50.000000 369 284 12 10 0
238 16 56 137 73 2 0 0 0 120.000000 110.000000 50.000000 50.000000 369 284 12 10 0
242 18 58 135 73 2 0 0 0 120.000000 110.000000 50.000000 50.000000 369 284 12 10 0
246 17 57 136 72 2 1 0 0 120.000000 110.000000 50.000000 50.000000 369 284 12 10 0
250 15 57 136 73 2 0 0 0 120.000000 110.000000 50.000000 50.000000 369 284 12 10 0
254 19 57 134 72 2 1 0 0 120.000000 110.000000 50.000000 50.000000 369 284 12 10 0
