Frame_Number Initial_Part Normalization Background_Subtraction Average_Background_Update Thresholding BLOB_Detection BLOB_Classification Projection_Prediction Projected_X Projected_Y Uncertainty_X Uncertainty_Y ROI_X ROI_Y ROI_W ROI_H Number_Of_BLOBs BLOB_Area_1 Centroid_X_1 Centroid_Y_1 BLOB_Area_2 Centroid_X_2 Centroid_Y_2 BLOB_Area_3 Centroid_X_3 Centroid_Y_3
550 275 56 134 73 2 1 0 0 120.000000 110.000000 50.000000 50.000000 345 256 19 10 0
554 32 57 137 73 3 0 0 0 120.000000 110.000000 50.000000 50.000000 345 256 19 10 0
558 16 57 135 73 2 1 0 0 120.000000 110.000000 50.000000 50.000000 345 256 19 10 0
562 15 58 136 73 2 0 0 0 120.000000 110.000000 50.000000 50.000000 345 256 19 10 0
566 20 58 135 74 2 0 0 0 120.000000 110.000000 50.000000 50.000000 345 256 19 10 0
570 16 56 137 73 2 0 0 0 120.000000 110.000000 50.000000 50.000000 345 256 19 10 0
574 14 58 136 73 2 0 0 0 120.000000 110.000000 50.000000 50.000000 345 256 19 10 0
578 19 56 135 73 2 0 0 0 120.000000 110.000000 50.000000 50.000000 345 256 19 10 0
582 16 57 137 74 2 0 0 0 120.000000 110.000000 50.000000 50.000000 345 256 19 10 0
586 16 57 136 73 2 0 0 0 121.939392 349.606079 50.000000 50.000000 345 256 19 10 2 9 346.939392 495.606079 5 351.222229 504.555542
590 19 57 136 72 2 1 0 0 135.767273 346.100586 31.913940 26.752731 120 110 375 285 2 11 128.853333 347.853333 10 122.500000 349.500000
594 16 56 136 73 2 0 0 0 145.771667 343.105011 24.416138 15.750526 120 319 63 53 2 12 137.312500 345.479187 3 121.666664 358.666687
598 15 57 135 73 2 0 0 0 178.049820 328.491821 40.737320 16.987335 121 327 48 31 2 15 157.681152 336.985504 4 128.500000 350.500000
602 19 57 137 72 2 0 0 0 177.318848 328.014496 30.187500 12.979172 137 311 81 33 1 24 167.500000 332.500000
606 16 57 135 74 2 0 0 0 188.980621 325.019379 25.834061 10.229897 147 315 60 25 1 19 178.240311 328.759705
610 15 57 135 72 2 0 0 0 215.279068 315.720947 37.038757 13.038757 163 314 51 20 1 19 196.759689 322.240295
614 20 57 134 73 2 0 0 0 216.450180 313.586853 28.364624 10.846115 178 302 74 26 1 24 206.604935 317.913574
618 16 57 136 72 2 1 0 0 227.989944 312.927460 24.874817 7.916115 188 302 56 21 1 23 217.297440 315.420532
622 20 57 136 73 2 0 0 0 258.138458 301.861511 40.841019 13.558990 203 305 49 15 1 20 237.717957 308.641022
626 19 56 136 72 2 0 0 0 256.883362 302.091003 30.003212 10.054504 217 288 81 27 1 25 247.300659 305.366028
630 20 57 134 73 1 1 0 0 268.440826 299.178223 25.571697 8.121155 226 292 60 20 1 21 257.870728 302.272095
634 16 56 138 74 2 0 0 0 293.880493 291.777649 36.009766 10.494476 242 291 51 16 1 25 275.875610 297.024872
638 20 56 136 71 2 0 0 0 293.124390 291.975128 26.629257 7.772110 257 281 72 20 1 20 284.500000 294.500000
642 15 56 134 73 2 0 0 0 303.241486 290.044220 22.685371 6.113945 266 284 53 15 1 21 293.870728 292.272095
646 18 56 134 73 2 0 0 0 321.581116 284.898254 27.710358 7.373840 280 283 45 12 1 19 307.725922 288.585205
650 19 57 135 73 2 0 0 0 322.559784 284.291016 21.272110 5.834015 293 277 55 14 1 17 315.142853 286.438110
654 16 57 137 72 2 0 0 0 327.857147 282.561890 16.993202 5.000000 301 278 42 11 1 16 321.500000 284.500000
658 15 57 134 74 2 0 1 0 342.633331 280.799988 21.133331 5.000000 310 277 33 10 1 18 332.066650 282.649994
662 19 56 136 73 2 0 0 0 342.933350 280.350006 16.000000 5.000000 321 275 42 10 1 12 337.500000 281.500000
666 15 57 135 73 1 1 0 0 345.500000 281.500000 12.000000 5.000000 326 275 32 10 1 12 341.500000 281.500000
670 16 57 134 73 1 1 0 0 353.782043 282.653839 12.282043 5.000000 333 276 24 10 1 14 347.641022 282.076904
674 20 57 135 72 1 1 0 0 352.400635 282.923096 8.520828 5.000000 341 277 24 10 1 14 350.020813 282.500000
678 18 58 134 73 2 0 0 0 354.979187 282.500000 6.739586 5.000000 343 277 17 10 1 12 352.500000 282.500000
682 16 56 135 72 2 0 0 0 356.500000 286.500000 5.369793 5.000000 348 277 13 10 1 4 354.500000 284.500000
686 19 57 134 73 2 0 0 0 120.000000 110.000000 50.000000 50.000000 348 277 13 10 0
690 15 56 135 73 2 0 0 1 120.000000 110.000000 50.000000 50.000000 348 277 13 10 0
694 16 57 135 72 2 1 0 0 120.000000 110.000000 50.000000 50.000000 348 277 13 10 0
698 23 56 135 72 2 1 0 0 120.000000 110.000000 50.000000 50.000000 348 277 13 10 0
702 16 56 135 72 2 1 0 0 120.000000 110.000000 50.000000 50.000000 348 277 13 10 0
706 15 57 135 74 2 0 0 0 120.000000 110.000000 50.000000 50.000000 348 277 13 10 0
710 19 57 135 73 2 1 0 0 120.000000 110.000000 50.000000 50.000000 348 277 13 10 0
714 17 57 134 73 2 1 0 0 120.000000 110.000000 50.000000 50.000000 348 277 13 10 0
718 17 57 135 73 2 1 0 0 120.000000 110.000000 50.000000 50.000000 348 277 13 10 0
