Frame_Number Initial_Part Normalization Background_Subtraction Average_Background_Update Thresholding BLOB_Detection BLOB_Classification Projection_Prediction Projected_X Projected_Y Uncertainty_X Uncertainty_Y ROI_X ROI_Y ROI_W ROI_H Number_Of_BLOBs BLOB_Area_1 Centroid_X_1 Centroid_Y_1 BLOB_Area_2 Centroid_X_2 Centroid_Y_2 BLOB_Area_3 Centroid_X_3 Centroid_Y_3
270 283 57 133 73 2 0 0 0 120.000000 110.000000 50.000000 50.000000 298 299 12 10 0
274 40 57 136 72 2 0 0 0 120.000000 110.000000 50.000000 50.000000 298 299 12 10 0
278 18 57 138 73 2 0 0 0 120.000000 110.000000 50.000000 50.000000 298 299 12 10 0
282 24 56 136 74 2 1 0 0 120.000000 110.000000 50.000000 50.000000 298 299 12 10 0
286 15 57 136 73 2 0 0 0 120.000000 110.000000 50.000000 50.000000 298 299 12 10 0
290 19 60 135 73 2 0 0 0 120.000000 110.000000 50.000000 50.000000 298 299 12 10 0
294 15 57 136 74 2 0 0 0 120.000000 110.000000 50.000000 50.000000 298 299 12 10 0
298 15 57 136 73 2 1 0 0 120.000000 110.000000 50.000000 50.000000 298 299 12 10 0
302 19 56 136 74 2 1 0 0 120.000000 110.000000 50.000000 50.000000 298 299 12 10 0
306 15 57 136 72 2 1 0 0 120.000000 110.000000 50.000000 50.000000 298 299 12 10 0
310 15 57 134 74 2 0 0 0 120.000000 110.000000 50.000000 50.000000 298 299 12 10 0
314 19 57 135 74 2 0 0 0 120.000000 110.000000 50.000000 50.000000 298 299 12 10 0
318 16 57 134 73 2 1 0 0 120.000000 110.000000 50.000000 50.000000 298 299 12 10 0
322 16 56 137 74 2 0 0 0 120.000000 110.000000 50.000000 50.000000 298 299 12 10 0
326 20 57 135 77 2 1 0 0 157.603180 335.222229 50.000000 50.000000 298 299 12 10 1 13 335.603180 524.222229
330 17 57 134 73 2 0 0 0 177.046829 328.577759 34.721825 28.322235 120 110 375 285 1 18 167.324997 331.899994
334 16 58 134 72 2 0 0 0 205.501083 316.969574 38.176079 21.626328 142 300 69 56 1 18 186.413040 324.434784
338 23 56 134 73 2 0 0 0 205.932632 316.491150 28.847836 14.784981 167 295 76 43 1 20 196.172836 320.462952
342 17 57 136 72 2 0 0 0 215.032288 313.639587 23.853643 10.804173 177 301 57 29 1 20 205.602570 317.051270
346 19 56 136 74 2 0 0 0 247.050201 302.657043 41.447647 14.394226 191 302 47 21 1 18 226.326385 309.854187
350 19 57 136 72 2 0 0 0 245.157486 302.715698 30.139374 10.766342 205 288 82 28 1 22 235.741943 306.284943
354 20 56 136 72 2 0 0 0 254.719604 298.853516 24.558525 9.098885 215 291 60 21 1 21 245.230774 302.569214
358 18 57 135 72 2 0 0 0 282.500916 288.430786 37.270142 14.138458 230 289 49 18 1 24 263.865845 295.500000
362 18 57 137 72 2 0 0 0 282.259155 289.575012 27.831726 10.031723 245 274 74 28 1 22 273.062500 292.537506
366 18 57 135 72 2 0 0 0 289.686218 288.170197 22.227722 7.199516 254 279 55 20 1 21 281.374359 290.353851
370 15 57 136 72 2 0 0 0 310.896179 278.969818 29.521820 11.384033 267 280 44 14 1 25 296.135254 284.661835
374 18 57 135 71 2 0 1 0 310.324829 281.319397 21.855682 7.363235 281 267 59 22 1 21 303.230042 282.990601
378 15 56 136 72 2 0 0 0 316.335602 277.272034 17.480621 6.540916 288 273 43 14 1 20 309.782837 280.131317
382 15 57 137 72 2 0 0 0 330.625122 275.540314 20.842316 5.565960 298 270 34 13 1 19 320.203979 277.835815
386 19 57 135 71 2 0 1 0 329.335693 273.561005 14.987015 5.000000 309 269 41 11 1 16 324.769836 275.698425
390 16 58 135 71 2 0 0 0 332.906921 272.766235 11.562050 5.000000 314 268 29 10 1 17 328.838379 274.232330
394 16 56 135 73 2 0 0 0 343.474121 272.559326 14.635742 5.000000 321 267 23 10 1 16 336.156250 273.395813
398 18 57 135 73 2 0 0 0 341.621521 271.407593 10.050507 5.000000 328 267 29 10 1 17 338.888885 272.401703
402 15 57 138 72 2 0 0 0 343.082123 270.235992 7.121872 5.000000 331 266 20 10 1 15 340.985504 271.318848
406 15 57 134 73 2 0 0 0 345.730560 270.854004 5.933464 5.000000 335 265 14 10 1 19 343.358032 271.086426
410 18 57 135 72 2 0 0 0 346.641968 270.469116 5.000000 5.000000 339 265 11 10 1 8 345.000000 270.777771
414 15 57 136 72 2 0 0 0 120.000000 110.000000 50.000000 50.000000 339 265 11 10 0
418 15 57 135 71 2 1 0 0 120.000000 110.000000 50.000000 50.000000 339 265 11 10 0
422 19 57 133 73 2 1 0 0 120.000000 110.000000 50.000000 50.000000 339 265 11 10 0
