Frame_Number Initial_Part Normalization Background_Subtraction Average_Background_Update Thresholding BLOB_Detection BLOB_Classification Projection_Prediction Projected_X Projected_Y Uncertainty_X Uncertainty_Y ROI_X ROI_Y ROI_W ROI_H Number_Of_BLOBs BLOB_Area_1 Centroid_X_1 Centroid_Y_1 BLOB_Area_2 Centroid_X_2 Centroid_Y_2 BLOB_Area_3 Centroid_X_3 Centroid_Y_3
75 263 57 135 74 2 0 0 0 120.000000 110.000000 50.000000 50.000000 328 283 51 10 0
79 29 58 134 74 2 0 0 0 120.000000 110.000000 50.000000 50.000000 328 283 51 10 0
83 15 57 136 73 2 0 0 0 120.000000 110.000000 50.000000 50.000000 328 283 51 10 0
87 19 57 137 71 2 1 0 0 120.000000 110.000000 50.000000 50.000000 328 283 51 10 0
91 17 57 137 72 2 0 0 0 120.000000 110.000000 50.000000 50.000000 328 283 51 10 0
95 15 56 138 72 3 0 0 0 120.000000 110.000000 50.000000 50.000000 328 283 51 10 0
99 20 58 137 73 2 1 0 0 120.000000 110.000000 50.000000 50.000000 328 283 51 10 0
103 15 57 137 74 2 0 0 0 120.000000 110.000000 50.000000 50.000000 328 283 51 10 0
107 15 57 137 72 2 1 0 0 154.142853 336.642853 50.000000 50.000000 328 283 51 10 1 10 362.142853 509.642853
111 19 57 137 72 2 1 0 0 174.857147 329.906158 35.357143 28.368347 120 110 375 285 1 16 164.500000 333.274506
115 15 58 135 72 2 0 0 0 203.500000 318.007538 39.000000 21.817657 139 301 70 56 1 14 184.000000 325.641022
119 19 58 136 72 2 0 0 0 204.310074 318.591522 29.655037 14.433578 164 296 78 43 1 17 194.155029 322.116272
123 19 57 135 73 2 0 0 0 214.336182 313.673218 24.918095 11.438316 174 304 59 28 1 16 204.245605 317.894745
127 16 57 136 73 2 0 0 0 244.067322 302.717499 39.821701 15.177246 189 302 49 22 1 17 224.156464 310.306122
131 15 58 136 73 2 0 0 0 245.407166 302.506012 30.536201 11.488678 204 287 79 30 1 19 234.781815 306.406067
135 34 57 136 73 2 0 0 0 253.489792 298.433441 24.622089 9.730652 214 291 61 22 1 20 244.135803 302.419739
139 16 56 136 72 2 0 0 0 283.115479 289.046936 38.979675 13.372833 228 288 49 19 1 21 263.625641 295.733337
143 18 58 135 73 2 0 0 0 281.651184 289.238403 28.502609 9.933884 244 275 77 26 1 19 272.638428 292.485870
147 19 56 135 74 2 0 0 0 290.100952 286.144440 22.982582 8.137657 253 279 57 19 1 19 281.369690 289.315155
151 15 58 135 73 2 0 0 0 313.074768 275.351501 31.705078 13.963654 267 278 45 16 1 18 297.222229 282.333313
155 21 57 136 73 1 1 0 0 310.840668 276.207581 22.661758 10.044708 281 261 63 27 1 17 304.031433 279.270447
159 19 57 135 79 2 0 0 0 317.176880 273.187897 17.903603 8.063629 288 266 45 20 1 18 310.604187 276.229187
163 15 58 136 72 2 0 0 0 333.220398 266.770813 22.616211 9.458344 299 265 35 16 1 16 321.912292 271.500000
167 15 57 135 72 2 0 0 0 331.643250 266.661621 16.173599 7.148361 310 257 45 18 1 15 326.777771 269.080811
171 19 59 134 73 2 0 0 0 336.624512 265.769775 13.010170 5.229698 315 259 32 14 1 13 331.701141 267.425293
175 16 58 135 72 2 0 0 0 345.828278 261.045288 14.127136 6.380005 323 260 26 10 1 14 338.764709 264.235291
179 22 57 136 71 2 1 0 0 344.336731 259.619781 9.849579 5.497757 331 254 28 12 1 13 341.550720 261.927551
183 19 57 136 72 2 0 0 0 346.527710 259.562683 7.413284 5.000000 334 254 19 10 1 11 344.039215 260.745117
187 15 57 135 72 2 0 0 0 348.881409 257.127930 6.127739 5.000000 339 254 14 10 1 13 346.460327 258.936523
191 25 57 135 71 2 1 0 0 349.349182 259.253967 5.000000 5.000000 342 252 12 10 1 7 347.904755 259.095245
195 19 56 133 72 2 0 0 0 120.000000 110.000000 50.000000 50.000000 342 252 12 10 0
199 15 57 134 73 2 0 0 0 120.000000 110.000000 50.000000 50.000000 342 252 12 10 0
203 16 56 135 74 2 0 0 0 120.000000 110.000000 50.000000 50.000000 342 252 12 10 0
