Frame_Number Initial_Part Normalization Background_Subtraction Average_Background_Update Thresholding BLOB_Detection BLOB_Classification Projection_Prediction Projected_X Projected_Y Uncertainty_X Uncertainty_Y ROI_X ROI_Y ROI_W ROI_H Number_Of_BLOBs BLOB_Area_1 Centroid_X_1 Centroid_Y_1 BLOB_Area_2 Centroid_X_2 Centroid_Y_2 BLOB_Area_3 Centroid_X_3 Centroid_Y_3
715 277 58 134 72 2 0 0 0 120.000000 110.000000 50.000000 50.000000 342 252 12 10 0
719 32 57 136 72 2 1 0 0 120.000000 110.000000 50.000000 50.000000 342 252 12 10 0
723 19 57 136 73 2 1 0 0 120.000000 110.000000 50.000000 50.000000 342 252 12 10 0
727 15 57 136 72 3 0 0 0 120.000000 110.000000 50.000000 50.000000 342 252 12 10 0
731 15 57 136 75 2 0 0 0 120.000000 110.000000 50.000000 50.000000 342 252 12 10 0
735 19 57 136 73 2 0 0 0 120.000000 110.000000 50.000000 50.000000 342 252 12 10 0
739 16 57 137 72 2 1 0 0 120.000000 110.000000 50.000000 50.000000 342 252 12 10 0
743 15 57 136 73 2 0 0 0 120.000000 110.000000 50.000000 50.000000 342 252 12 10 0
747 18 58 136 81 2 0 0 0 120.000000 110.000000 50.000000 50.000000 342 252 12 10 0
751 16 57 136 73 2 1 0 0 120.000000 110.000000 50.000000 50.000000 342 252 12 10 0
755 15 57 135 73 2 0 0 0 120.000000 110.000000 50.000000 50.000000 342 252 12 10 0
759 19 56 135 73 2 1 0 0 163.000000 334.095245 50.000000 50.000000 342 252 12 10 1 10 385.000000 476.095245
763 15 57 134 73 2 1 0 0 197.666656 323.793640 42.333332 30.150803 120 110 375 285 1 12 180.333328 328.944458
767 16 56 137 72 2 0 0 0 198.803925 322.192810 30.401960 18.451210 155 293 84 60 1 11 189.568634 325.568634
771 18 57 137 73 2 0 0 0 205.568634 321.294098 23.200981 11.362873 168 303 60 36 1 11 197.568634 323.431366
775 18 56 136 77 2 0 0 0 234.431366 313.568634 36.862747 10.612803 182 309 46 22 1 6 216.000000 318.500000
779 15 58 136 73 2 0 0 0 234.526321 315.114044 27.694534 6.999379 197 302 73 21 1 11 225.263153 316.807007
783 19 57 135 73 2 0 1 0 241.501556 311.075317 21.966461 6.365534 206 308 55 13 1 14 233.382355 313.941162
787 15 57 136 73 2 1 0 0 265.565002 306.304443 32.182648 7.636749 219 304 43 12 1 14 249.473679 310.122803
791 15 57 137 73 2 0 0 0 264.371277 306.729919 23.540131 5.514816 233 298 64 15 1 15 256.922485 308.426361
795 19 56 136 72 2 0 0 0 271.805908 305.227966 19.211777 5.000000 240 301 47 11 1 18 264.364197 306.827148
799 16 57 136 72 2 0 0 0 288.635803 304.172852 24.271606 5.000000 252 300 38 10 1 16 276.500000 305.500000
803 19 57 137 72 2 0 0 0 287.944458 304.661621 17.858032 5.000000 264 299 48 10 1 15 282.222229 305.080811
807 19 57 135 73 2 0 0 0 291.423615 304.981689 13.529709 5.000000 270 299 35 10 1 14 286.822937 305.031250
811 23 57 136 72 3 0 0 0 302.693726 303.968750 15.870819 5.000000 277 299 27 10 1 14 294.758331 304.500000
815 15 58 136 73 2 0 0 0 301.126740 303.614929 11.119614 5.000000 286 298 31 10 1 13 297.942535 304.057465
819 19 58 136 74 2 0 0 0 302.057465 303.942535 7.617271 5.000000 290 298 22 10 1 12 300.000000 304.000000
823 21 57 135 73 2 0 0 0 304.799988 304.533325 6.208630 5.000000 294 298 15 10 1 12 302.399994 304.266663
827 15 57 136 72 3 0 0 0 303.952942 305.654907 5.000000 5.000000 298 299 12 10 1 11 303.176453 304.960785
831 19 57 134 73 2 0 0 0 120.000000 110.000000 50.000000 50.000000 298 299 12 10 0
835 14 57 135 73 2 1 0 0 120.000000 110.000000 50.000000 50.000000 298 299 12 10 0
839 15 57 135 72 2 0 0 0 120.000000 110.000000 50.000000 50.000000 298 299 12 10 0
843 19 57 136 72 2 0 0 0 120.000000 110.000000 50.000000 50.000000 298 299 12 10 0
847 15 56 135 73 2 0 0 0 120.000000 110.000000 50.000000 50.000000 298 299 12 10 0
851 15 57 136 72 2 1 0 0 120.000000 110.000000 50.000000 50.000000 298 299 12 10 0
855 18 58 135 73 2 1 0 0 120.000000 110.000000 50.000000 50.000000 298 299 12 10 0
859 20 57 133 73 3 0 0 0 120.000000 110.000000 50.000000 50.000000 298 299 12 10 0
