Frame_Number Initial_Part Normalization Background_Subtraction Average_Background_Update Thresholding BLOB_Detection BLOB_Classification Projection_Prediction Projected_X Projected_Y Uncertainty_X Uncertainty_Y ROI_X ROI_Y ROI_W ROI_H Number_Of_BLOBs BLOB_Area_1 Centroid_X_1 Centroid_Y_1 BLOB_Area_2 Centroid_X_2 Centroid_Y_2 BLOB_Area_3 Centroid_X_3 Centroid_Y_3
765 276 57 135 73 2 0 0 0 120.000000 110.000000 50.000000 50.000000 369 284 12 10 0
769 19 56 137 72 2 1 0 0 120.000000 110.000000 50.000000 50.000000 369 284 12 10 0
773 15 57 135 74 2 0 0 0 120.000000 110.000000 50.000000 50.000000 369 284 12 10 0
777 31 57 134 74 2 0 0 0 120.000000 110.000000 50.000000 50.000000 369 284 12 10 0
781 19 58 136 72 2 0 0 0 120.000000 110.000000 50.000000 50.000000 369 284 12 10 0
785 15 58 136 73 2 0 0 0 120.000000 110.000000 50.000000 50.000000 369 284 12 10 0
789 22 58 135 72 2 0 0 0 120.000000 110.000000 50.000000 50.000000 369 284 12 10 0
793 19 57 135 74 2 0 0 0 129.032867 345.319244 50.000000 50.000000 369 284 12 10 1 21 378.032867 519.319214
797 16 57 136 74 2 1 0 0 143.320068 340.268982 32.143608 27.525131 120 110 375 285 1 16 136.176468 342.794128
801 16 65 141 73 2 0 0 0 168.823532 330.205872 32.647060 20.056679 120 312 64 55 1 4 152.500000 336.500000
805 26 57 136 72 2 0 0 0 188.848480 322.681824 36.348488 16.937428 136 310 65 40 1 18 170.674240 329.590912
809 17 57 137 73 2 0 0 0 191.413803 321.629211 28.544025 12.449564 152 305 72 33 1 19 181.044022 325.610046
813 20 57 136 72 2 0 0 0 201.219131 318.056580 24.359564 10.001515 162 309 57 24 1 16 191.131577 321.833313
817 18 57 136 73 2 0 0 0 234.188675 305.983643 43.057098 15.849670 176 308 48 20 1 19 212.660126 313.908508
821 16 56 135 72 2 0 0 0 235.367096 306.418030 32.882034 11.670059 191 290 86 31 1 17 224.013611 310.163269
825 15 57 140 72 2 0 0 0 245.550491 302.400818 27.209457 9.716255 202 294 65 23 1 18 234.782043 306.282043
829 21 57 136 72 2 0 0 0 277.139526 291.273499 42.357468 15.008545 218 292 54 19 1 17 255.960785 298.777771
833 18 56 138 73 2 0 0 0 276.657104 291.140930 31.526894 11.322693 234 276 84 30 1 17 266.308960 294.959351
837 15 57 135 73 2 0 0 0 286.135498 289.167633 25.676731 8.557205 245 279 63 22 1 18 276.222229 292.063477
841 20 57 136 73 2 0 0 0 312.944427 278.288330 36.722198 13.775146 260 280 51 17 1 16 294.583313 285.175903
845 15 57 136 71 2 1 0 0 310.194458 280.268555 26.166656 9.341263 276 264 73 27 1 14 302.388885 282.722229
849 15 57 135 72 2 0 0 0 318.548615 276.506927 21.163193 7.778282 284 270 52 18 1 16 310.468750 279.614563
853 19 58 135 71 2 0 0 0 336.531250 271.385437 26.062500 8.229156 297 268 42 15 1 12 323.500000 275.500000
857 15 57 136 72 2 0 0 0 335.399994 271.866669 18.981247 5.931244 310 263 52 16 1 12 329.450012 273.683350
861 16 56 135 73 2 0 0 0 339.835693 270.602356 14.683479 5.000000 316 265 37 11 1 10 334.642853 272.142853
865 25 57 139 73 2 0 0 0 352.357147 266.857147 17.714294 5.285706 325 265 29 10 1 12 343.500000 269.500000
869 15 57 136 75 1 1 0 0 351.500000 266.500000 12.857147 5.000000 334 261 35 10 1 10 347.500000 268.000000
873 15 57 137 73 2 0 0 0 120.000000 110.000000 50.000000 50.000000 334 261 35 10 0
877 19 57 136 73 2 0 0 0 353.500000 266.500000 50.000000 50.000000 334 261 35 10 2 8 567.500000 417.500000 3 562.666687 417.333313
881 15 57 136 72 2 1 0 0 354.944458 266.611115 25.722229 25.055557 120 110 375 285 1 5 354.222229 266.555542
885 24 56 135 73 2 0 0 0 120.000000 110.000000 50.000000 50.000000 120 110 375 285 0
889 19 57 135 72 2 0 0 0 120.000000 110.000000 50.000000 50.000000 120 110 375 285 0
893 16 57 135 72 2 0 0 0 120.000000 110.000000 50.000000 50.000000 120 110 375 285 0
897 16 57 135 74 2 0 0 0 120.000000 110.000000 50.000000 50.000000 120 110 375 285 0
901 22 56 136 73 2 0 0 0 120.000000 110.000000 50.000000 50.000000 120 110 375 285 0
905 15 58 136 72 2 1 0 0 120.000000 110.000000 50.000000 50.000000 120 110 375 285 0
909 15 57 137 72 2 1 0 0 120.000000 110.000000 50.000000 50.000000 120 110 375 285 0
913 19 57 137 74 2 0 0 0 120.000000 110.000000 50.000000 50.000000 120 110 375 285 0
917 16 57 136 72 2 0 0 0 120.000000 110.000000 50.000000 50.000000 120 110 375 285 0
